-9.26802 4.05588 -102.715
-6.15426 -12.5729 -99.3082
-19.6479 -2.23758 -99.9582
-10.3061 -3.97656 -108.264
-5.00992 -0.572133 -112.297
-6.08918 -2.09806 -111.235
-10.0376 4.10117 -101.855
-8.90919 -4.14229 -108.857
-12.6125 3.47571 -98.6685
-21.2894 -2.62855 -94.6317
-14.6116 -10.0461 -94.3517
-13.4215 4.98226 -99.8934
-13.4169 6.84292 -102.743
-13.7181 -3.29312 -92.7036
-13.3435 -8.39876 -100.89
-12.0361 -11.4111 -95.5659
-4.07917 -10.588 -103.917
-13.3611 6.52664 -111.058
-10.8829 4.4549 -101.445
-20.0014 2.67364 -103.453
-6.65772 -2.94549 -98.2735
-6.85065 0.292517 -100.921
-18.4838 -5.50181 -97.2708
-15.3857 3.42161 -108.834
-14.356 6.42553 -110.378
-5.57591 -3.33321 -110.629
-21.2652 3.68561 -101.93
-16.2382 3.328 -108.071
-11.3081 2.08078 -111.071
-4.50065 -4.0153 -110.435
-13.69 5.45881 -110.645
-17.477 -7.90897 -92.8128
-20.5423 -0.403238 -100.227
-11.1836 4.85791 -101.722
-10.2259 5.24413 -103.447
-12.5848 -11.4619 -93.877
-8.73788 -4.45461 -108.7
-11.9133 -1.41425 -109.049
-6.35322 -0.266523 -112.101
-5.54087 -2.32315 -111.254
-9.8733 3.47803 -101.171
-18.128 4.57898 -106.63
-20.2925 4.60608 -103.912
-20.2976 -1.30389 -99.7506
-18.6771 -3.31719 -100.436
-14.5732 -9.08841 -97.6212
-14.55 -9.68205 -95.9564
-3.62934 -10.9715 -103.457
-15.9728 -8.0691 -97.2951
-16.1363 -8.81711 -94.4627
-18.6924 -6.60996 -92.9679
-22.163 3.66659 -100.143
-12.0924 0.0747827 -95.8253
-19.6796 -2.74131 -99.2353
-5.92007 -2.52111 -111.037
-8.95965 1.43086 -111.924
-20.8973 -0.906742 -98.8899
-18.9422 -5.29974 -96.4654
-18.554 -5.97749 -95.9243
-22.312 2.88974 -99.2643
-7.70523 -2.65026 -110.379
-7.57794 1.15492 -100.966
-19.0533 1.88293 -104.352
-12.9999 0.996348 -109.617
-11.1545 2.76366 -99.0557
-4.58492 -9.72703 -104.972
-2.55775 -8.36212 -107.039
-15.091 1.31366 -108.216
-12.0596 2.92186 -98.4819
-9.87141 1.78733 -99.1652
-18.193 -6.37428 -95.9618
-4.96781 -3.02953 -100.27
-12.5421 6.73044 -103.419
-8.10231 -1.28644 -98.0333
-14.0658 3.09468 -109.727
-13.2819 6.40796 -111.089
-3.95389 -1.32071 -103.533
-19.1671 -2.62797 -100.402
-13.4699 -10.8666 -94.1602
-7.41949 -0.789907 -99.1742
-6.13805 -12.1689 -100.249
-18.6548 -4.27869 -99.1176
-18.2837 -4.41803 -99.6387
-21.7842 5.45297 -101.783
-18.4476 -6.63535 -94.1579
-5.86425 -6.01283 -108.542
-12.2411 -3.00093 -93.6743
-14.2724 6.30956 -110.416
-4.38556 -3.43546 -100.757
-15.643 -8.6621 -96.4594
-10.6817 -11.6737 -97.1095
-14.4396 4.25132 -109.824
-11.5247 -3.49644 -93.8424
-14.5577 1.77239 -108.849
-15.6702 -9.07586 -95.0016
-12.3401 -10.3437 -98.2831
-20.8873 -3.4877 -93.9917
-4.21767 -8.71922 -106.314
-12.2703 1.0136 -110.088
-10.6722 -0.703204 -110.16
-6.28805 -9.41814 -104.766
-11.0153 -2.66616 -108.797
-7.01972 -12.7787 -98.1163
-9.56537 0.0177494 -97.7467
-20.1722 -4.3696 -94.572
-6.46321 -4.38406 -109.646
-5.35819 -11.9514 -101.116
-18.8925 -6.32167 -93.2924
-7.06171 -3.40379 -97.5276
-20.0861 -4.55429 -94.3592
-12.1853 3.28679 -98.7864
-21.5785 0.858252 -99.236
-14.3153 -10.1138 -94.9888
-19.308 5.01123 -105.387
-5.29498 -2.54031 -100.235
-6.88794 -5.50629 -108.625
-5.06279 -10.997 -102.953
-12.4467 -11.2968 -95.0755
-17.6341 -7.31213 -94.8792
-4.07696 -8.98465 -106.04
-4.33345 -11.8818 -101.68
-9.36533 -12.0382 -97.8062
-4.31003 -2.5901 -101.603
-11.9069 -9.92923 -99.796
-5.81293 -12.4788 -99.7447
-8.34058 -11.3744 -100.398
-11.3249 -2.08233 -94.8089
-7.97981 -9.65437 -103.596
-19.4125 0.393868 -102.878
-10.9571 4.76445 -101.82
-5.97947 -0.394422 -112.144
-10.5362 1.61302 -98.3794
-12.7483 -11.0392 -95.3999
-8.31674 -2.98305 -96.5937
-7.22586 -12.301 -99.2014
-7.12618 -3.64575 -109.942
-8.74473 -0.255652 -98.2727
-10.3053 -1.45841 -95.9685
-17.9526 2.30103 -105.916
-11.6555 1.05201 -96.9517
-19.0767 2.62022 -104.711
-11.7299 -2.60616 -94.2188
-10.8161 -1.8531 -109.43
-20.71 0.985983 -101.161
-20.2293 -2.93232 -97.6315
-14.0604 -8.60711 -99.5461
-20.9496 0.630759 -100.393
-9.67471 -2.59191 -109.565
-12.1147 5.61652 -101.943
-13.3532 -9.35934 -99.047
-22.2301 -0.548872 -95.3493
-7.16602 0.966722 -112.388
-10.9608 -11.4573 -97.342
-7.56198 -1.89523 -98.0984
-6.55068 -11.3558 -101.637
-9.62855 -1.06225 -110.487
-13.0458 3.81472 -98.7324
-17.9851 -6.40347 -96.4954
-18.6908 -3.87833 -99.6487
-3.04292 -7.30951 -108.035
-21.7053 2.70559 -100.491
-11.1978 -2.18233 -94.8318
-13.1456 0.319174 -109.196
-22.3422 3.77442 -99.8082
-18.2955 -3.77216 -100.523
-14.4714 -10.1771 -94.2082
-10.6589 -11.9243 -96.3222
-13.0803 0.426787 -95.4684
-13.2632 -0.64347 -108.599
-18.8337 -0.958392 -102.661
-16.3426 -8.86562 -93.3435
-4.10078 -11.3424 -102.719
-22.673 1.26823 -96.6134
-5.70356 -9.2909 -105.162
-21.1565 -0.819543 -98.363
-8.23266 -7.97991 -105.617
-8.33444 -11.9826 -99.0369
-5.47826 -11.5336 -101.855
-12.1752 0.047056 -109.689
-17.9792 5.24897 -106.989
-6.63611 -1.1406 -99.7631
-6.38434 0.604733 -101.906
-20.3715 1.62451 -102.231
-20.0414 -3.61938 -96.8925
-10.9387 -9.99181 -100.751
-9.7747 -8.62071 -103.885
-18.3678 4.55356 -106.356
-19.7007 6.41779 -105.272
-18.1327 -4.79733 -99.3438
-9.84252 2.3398 -99.8006
-4.8901 -7.23024 -107.711
-7.48149 -3.4687 -109.934
-10.4434 0.980439 -111.077
-6.45737 -11.7387 -100.957
-15.3111 -9.70676 -93.3684
-12.5131 -11.2951 -94.9144
-19.259 1.15385 -103.63
-5.62353 -5.82197 -108.778
-20.6506 -3.52537 -94.9934
-17.7326 -6.74343 -96.3183
-16.0862 2.72422 -107.976
-17.7933 7.42059 -107.629
-5.06753 -6.93881 -107.942
-21.1018 -1.82515 -97.0276
-13.6828 -9.07852 -99.1525
-6.32613 -3.0378 -110.603
-18.2828 3.85736 -106.207
-14.0374 -8.62191 -99.5511
-20.3373 5.05615 -104.011
-4.68004 -7.29039 -107.708
-18.9782 3.06187 -105.048
-6.4244 -0.357806 -100.786
-10.2431 -11.0749 -99.251
-6.66064 -8.93043 -105.231
-6.0544 -1.48094 -100.174
-17.3613 7.38072 -108.049
-12.9864 5.85605 -101.5
-18.9854 -4.80797 -97.422
-11.6318 2.47779 -98.3479
-10.4295 0.540714 -110.891
-7.70577 2.12078 -112.641
-15.5151 1.66996 -108.024
-12.8113 -1.05565 -94.5415
-9.07099 -10.9573 -100.639
-6.07124 -2.31638 -111.115
-10.1533 -11.5858 -98.0895
-7.36487 -3.77029 -109.77
-8.35581 -2.4088 -110.272
-10.0199 -9.63292 -102.211
-14.9501 0.864597 -108.113
-16.8769 -7.60346 -96.3245
-18.864 -2.89908 -100.623
-10.4487 -11.7406 -97.2493
-17.0826 4.18303 -107.578
-15.0966 1.84569 -108.453
-4.24487 -3.77915 -110.647
-22.4719 2.49167 -98.5322
-7.52151 2.19935 -102.344
-4.9527 -1.60144 -111.795
-6.3128 0.213714 -112.327
-3.92593 -3.2608 -111.044
-4.53168 -4.5183 -110.075
-20.6969 3.04084 -102.561
-3.70845 -3.5251 -101.713
-6.39407 1.32188 -102.796
-20.2084 2.97744 -103.302
-4.50469 -6.81892 -108.2
-12.2603 -1.38539 -94.6556
-7.96294 0.434886 -99.738
-13.0651 -9.57706 -98.9973
-8.63621 -12.7328 -96.5307
-14.2175 -10.3837 -94.0702
-12.4553 4.2846 -111.132
-10.497 -3.04866 -108.832
-6.12661 -2.21824 -111.156
-6.14104 -11.5067 -101.58
-9.12476 -9.75375 -102.705
-6.54695 -0.184495 -112.083
-11.4441 3.83039 -111.571
-13.6322 -9.79416 -97.5568
-22.185 0.224407 -96.8182
-6.73443 -2.87475 -98.2408
-16.9713 -7.52994 -96.2754
-14.4126 -10.1114 -94.7053
-5.78236 -2.00432 -111.372
-12.8347 5.23909 -111.138
-7.59851 -5.82455 -108.075
-12.0791 5.76621 -111.684
-3.30392 -7.24038 -108.056
-11.0112 2.13384 -98.5016
-21.8034 2.7606 -100.323
-7.56548 -0.717986 -111.502
-11.228 -1.38914 -109.474
-8.81446 -2.65324 -96.3693
-7.24131 -12.3993 -98.945
-22.1095 0.235466 -97.0773
-21.4479 -2.49496 -94.2358
-5.59005 -10.1918 -103.982
-22.2493 4.83993 -100.601
-4.91241 -1.39819 -101.846
-15.7398 3.57844 -108.593
-11.4526 1.13861 -110.617
-9.74157 1.47658 -111.609
-9.71493 1.69507 -99.2183
-5.52873 -8.30306 -106.401
-6.49398 -12.7188 -98.7007
-18.6738 1.7385 -104.763
-6.46197 -12.6096 -99.006
-10.1401 4.1449 -112.294
-18.9443 -4.95981 -97.2182
-13.2453 3.1998 -110.32
-13.1701 3.80618 -98.6319
-22.1881 5.19557 -100.891
-7.15792 -4.92442 -108.995
-12.1183 1.36574 -96.897
-18.2378 6.05163 -106.914
-12.172 -8.78618 -101.578
-18.6983 -5.41727 -96.8875
-6.16571 -10.8652 -102.692
-4.82507 -2.01844 -101.362
-8.79753 -9.17462 -103.779
-9.14115 2.35525 -100.552
-9.19386 -8.14314 -104.878
-8.55223 -3.29853 -96.1829
-10.0266 -0.183544 -97.1753
-18.8484 -6.20938 -94.0362
-8.6842 -0.476589 -98.1388
-4.22004 -11.4942 -102.42
-8.04503 -2.46459 -97.1985
-11.7206 5.32542 -101.882
-22.2146 1.74908 -98.5269
-20.9373 0.403116 -100.209
-7.14104 -10.6512 -102.535
-3.72855 -4.29624 -110.392
-11.2409 5.77967 -103.149
-21.318 -0.59769 -98.233
-7.40864 2.22749 -102.54
-7.39345 -5.41553 -108.508
-17.2399 -7.53879 -95.4543
-13.0732 3.11901 -97.942
-8.93174 2.87851 -101.449
-19.4057 -4.32977 -97.2686
-7.39384 -1.91 -98.2621
-6.79688 -2.03709 -111.057
-18.414 7.21636 -106.948
-19.1697 2.52544 -104.541
-8.08464 -11.7359 -99.8296
-18.7305 -6.63824 -92.5194
-13.3704 -10.6852 -95.2638
-8.56936 -3.43889 -109.515
-12.9115 4.36272 -110.878
-13.0107 1.54185 -109.85
-11.3295 -2.78939 -108.526
-15.8472 -7.9881 -97.7583
-18.156 2.73434 -105.887
-6.60078 -0.0742754 -112.117
-11.5348 3.13355 -99.1463
-10.4241 -2.60819 -95.1121
-5.09164 -2.20858 -100.802
-10.9183 -1.86974 -95.2304
-7.56333 -4.93106 -108.833
-6.68069 -7.74799 -106.587
-20.0516 -4.83841 -93.4454
-18.5296 5.76558 -106.525
-21.0647 4.25988 -102.558
-4.63305 -1.0141 -102.706
-10.5304 -0.397189 -96.5918
-12.0192 -11.4434 -95.4752
-17.2611 -8.05444 -93.2016
-4.98214 -0.184511 -103.111
-11.4771 3.27115 -99.3547
-9.13816 -1.87516 -96.6253
-15.2795 2.28522 -108.49
-4.93566 -1.83194 -101.378
-8.42635 -1.70755 -97.3904
-20.5542 -3.51465 -95.4102
-17.0192 -8.30367 -93.0745
-9.90477 -1.14388 -96.517
-14.761 -10.0202 -93.9386
-11.4356 -1.216 -95.314
-4.66859 -2.6899 -111.245
-16.3696 -8.19616 -95.9646
-8.0267 -5.52144 -108.154
-5.10711 -11.5128 -102.055
-13.1686 -2.19796 -93.6068
-10.983 -9.93427 -100.813
-5.45287 -1.37774 -101.076
-9.40061 -12.5196 -96.2098
-14.4002 -9.73752 -96.1353
-11.6937 6.2178 -103.411
-8.85394 -9.79303 -102.834
-9.49436 0.209067 -97.9799
-4.75992 -2.01716 -111.612
-21.3755 3.46615 -101.61
-8.87944 0.370103 -111.516
-3.97943 -4.01968 -110.537
-21.9166 1.60112 -99.1381
-11.5512 2.77089 -98.7275
-18.1857 -5.23844 -98.4877
-22.4857 0.474901 -96.1432
-6.52143 -9.07535 -105.109
-8.40351 0.795239 -111.887
-22.0126 4.5598 -100.954
-19.2677 1.38739 -103.765
-10.0259 -11.6193 -98.158
-18.0151 -6.87713 -95.0107
-12.9283 -11.0176 -95.0388
-21.0374 4.01907 -102.492
-11.4181 -1.55635 -109.265
-15.8669 -8.78337 -95.4745
-20.7772 -3.32283 -95.0111
-16.6517 -8.60947 -93.2505
-11.0021 -9.56396 -101.454
-9.22735 0.675591 -98.6625
-11.2138 5.2868 -102.353
-16.0775 4.60624 -108.627
-15.9093 -8.47493 -96.3449
-3.93095 -9.69224 -105.198
-18.6857 -3.95749 -99.543
-6.28506 1.21155 -102.816
-7.52438 -11.8284 -100.064
-18.8977 -5.93395 -94.8393
-9.33809 1.33666 -111.73
-6.41658 -12.074 -100.285
-9.95544 4.21269 -112.393
-6.55325 -1.57897 -111.386
-13.5557 2.09281 -109.711
-11.9785 3.64736 -99.3726
-11.7584 3.91356 -99.8858
-11.1319 5.39139 -102.614
-10.5343 -0.908206 -96.1943
-4.6144 -1.89213 -101.803
-7.59202 -2.52481 -110.498
-12.0221 -2.10715 -108.548
-19.772 -1.12301 -100.968
-16.0999 -9.02296 -93.6236
-8.33751 0.868899 -99.7699
-11.1583 -2.34936 -94.7536
-14.1094 -0.128388 -108.261
-3.9396 -7.28324 -107.89
-11.9563 -9.60073 -100.384
-9.04658 0.552006 -111.527
-12.6015 -9.01221 -100.715
-9.11149 -1.95375 -96.5924
-11.5588 2.40026 -98.3258
-14.1923 -9.77128 -96.5037
-6.96795 -3.51649 -110.085
-8.86801 2.5473 -112.361
-13.0316 3.23895 -98.0998
-5.20517 -2.22526 -111.393
-17.4478 5.04196 -107.478
-20.8603 4.69812 -103.079
-18.1204 4.10494 -106.478
-20.5784 -3.68669 -94.8483
-7.42176 -1.75306 -111.008
-6.36211 0.138451 -101.401
-3.31948 -2.74016 -103.118
-20.1997 -4.33714 -94.5509
-11.4777 -10.5046 -99.0881
-15.1577 -9.08085 -96.3896
-12.9112 2.84164 -97.7649
-10.1267 0.625163 -97.7934
-9.37563 -2.20344 -96.1948
-6.9605 -2.23747 -98.4716
-19.4296 -4.63265 -96.5603
-8.88294 2.46449 -100.976
-11.4876 5.24654 -111.898
-10.8256 5.0422 -112.187
-8.19629 1.60505 -112.284
-13.717 3.73898 -110.179
-9.82757 0.465963 -111.146
-5.37336 0.11921 -102.845
-12.4112 5.09254 -111.356
-18.5761 6.05322 -106.542
-21.9781 1.45368 -98.848
-9.22777 0.128906 -111.261
-5.33709 -8.17963 -106.6
-18.1294 4.78514 -106.693
-13.4564 -9.14941 -99.3382
-20.8018 2.68339 -102.179
-7.16912 1.14851 -101.481
-21.6281 4.02493 -101.437
-9.31135 -2.89187 -109.545
-9.66249 -0.0482988 -110.984
-18.5634 -6.03995 -95.719
-2.9151 -9.56833 -105.577
-6.51825 -12.7037 -98.7219
-21.3958 0.0487572 -98.8171
-17.356 -7.79624 -94.0475
-11.3966 0.926853 -97.0347
-18.3588 -3.41644 -100.867
-19.695 3.44408 -104.274
-13.5148 -9.91005 -97.4608
-7.76378 -8.71855 -104.973
-12.9103 -10.8874 -95.6043
-4.90341 -6.55131 -108.343
-3.11842 -8.76262 -106.503
-10.4631 -1.34052 -95.9317
-20.4605 -3.48992 -95.8178
-8.71109 -10.5535 -101.679
-7.11712 -7.9546 -106.18
-6.40244 -8.31974 -106.065
-12.1817 -9.94092 -99.4259
-11.1963 -9.9277 -100.604
-5.81986 -6.74874 -107.895
-7.76659 -0.154119 -99.3783
-18.0704 6.88358 -107.259
-7.86287 -1.01901 -111.244
-7.48141 -12.5679 -98.2967
-19.0025 -6.21064 -93.2015
-14.3263 -9.74168 -96.2945
-11.1621 1.66313 -97.9033
-12.022 6.45831 -103.483
-10.325 1.82479 -111.472
-13.1374 -11.0089 -94.4968
-20.0603 4.47806 -104.197
-7.67644 -4.53414 -109.096
-9.31537 0.489508 -98.4024
-5.03798 -12.3271 -100.494
-9.08839 0.659436 -111.556
-13.2259 5.47847 -110.948
-9.28675 -12.4777 -96.5277
-17.5309 -7.39295 -94.9632
-20.3635 -4.49317 -93.0467
-8.23293 0.225822 -111.705
-18.2605 -6.41025 -95.643
-10.9845 -0.906517 -109.883
-9.30653 -12.6002 -96.0531
-9.13198 -0.390278 -97.7898
-3.325 -9.05066 -106.13
-19.4327 -3.02577 -99.3619
-10.8956 4.38322 -101.33
-12.3187 -9.6542 -99.8441
-12.4844 -2.81205 -93.6375
-18.4802 -4.49713 -99.1284
-11.199 -1.99992 -109.122
-7.38551 1.18348 -101.242
-19.158 -5.82197 -94.1146
-4.59011 -2.40201 -101.352
-20.8467 -1.75838 -97.8597
-4.7821 -7.37126 -107.602
-5.58204 -9.90879 -104.386
-10.3683 -0.496778 -110.424
-20.0814 1.59493 -102.684
-15.0647 4.40651 -109.398
-18.8574 2.94477 -105.145
-9.10443 -12.234 -97.5497
-10.9565 3.25901 -99.8062
-6.12331 -1.11761 -111.752
-2.80244 -5.30166 -109.799
-3.00463 -6.54925 -108.74
-7.56878 -8.46948 -105.377
-7.50281 -4.06798 -109.508
-9.68213 3.39712 -112.29
-12.2448 -10.5975 -97.776
-12.5557 -3.56305 -93.1861
-19.0262 -2.5211 -100.784
-15.3216 -8.07279 -98.5792
-9.44206 3.02473 -101.053
-12.1866 -10.9381 -96.8991
-12.3849 -1.60656 -94.4324
-11.5632 3.56306 -111.43
-21.7726 0.76482 -98.6657
-5.01917 -10.996 -102.971
-6.36249 -2.87197 -110.696
-20.3435 -4.38733 -93.6422
-10.1631 1.49842 -111.423
-17.9476 -7.10183 -94.4495
-8.88689 -11.031 -100.647
-3.24234 -8.94522 -106.27
-16.6593 -8.67147 -92.8117
-10.2898 0.297823 -97.3641
-12.4485 -1.1054 -108.889
-2.81804 -7.29212 -108.086
-12.8983 1.03241 -96.0783
-14.4895 6.0997 -110.224
-8.21283 1.79133 -112.347
-21.334 4.81399 -102.337
-9.51384 -12.3907 -96.5014
-20.5118 5.58046 -103.927
-15.9915 5.4331 -108.915
-17.4438 5.17411 -107.518
-18.8961 -2.16095 -101.408
-19.574 4.62061 -104.913
-14.5655 4.41171 -109.776
-18.765 6.02793 -106.321
-7.91588 1.39339 -100.829
-6.54763 -3.10314 -98.2819
-8.39106 3.4761 -102.988
-4.26649 -3.21681 -111.006
-13.9321 4.61577 -110.281
-19.2766 -5.35751 -95.1988
-21.9276 0.48647 -97.9393
-20.2075 -2.56322 -98.2812
-20.7747 2.61635 -102.185
-16.6306 4.59167 -108.131
-5.13355 -9.60334 -104.96
-13.9939 -8.67491 -99.5103
-18.7186 -1.63484 -102.222
-13.6744 -10.5757 -94.8942
-11.513 -0.720135 -109.685
-20.8251 -0.389547 -99.6482
-9.11533 -8.65156 -104.284
-6.55046 -11.2994 -101.74
-5.39696 -1.77709 -100.773
-12.556 -9.53141 -99.789
-8.43814 0.406911 -99.1968
-5.56111 -10.9803 -102.777
-14.8278 4.61035 -109.636
-6.02335 -7.5078 -107.084
-11.4857 3.28757 -111.388
-11.234 0.868705 -110.619
-13.0396 -10.3255 -97.1747
-18.6552 -2.55846 -101.375
-10.9506 -3.18853 -94.3929
-6.45312 1.02879 -102.328
-12.2154 -2.13624 -94.2003
-17.8035 3.18194 -106.472
-12.2585 -10.0451 -99.0974
-3.78667 -9.67413 -105.257
-15.7744 3.42638 -108.511
-15.0885 7.1784 -109.959
-7.86267 1.32854 -100.818
-7.95637 -5.66936 -108.058
-7.1131 -2.05774 -110.942
-20.4417 4.45111 -103.629
-10.8139 -8.74579 -102.913
-10.9605 4.25892 -111.934
-5.05241 -4.25934 -110.137
-13.0094 -9.74729 -98.698
-18.0667 3.73253 -106.401
-4.72958 -9.38423 -105.371
-12.8504 -11.0527 -95.0905
-13.5661 -9.66982 -97.9911
-12.3602 -10.8548 -96.8426
-20.8235 4.98061 -103.247
-18.4379 4.02024 -106.091
-21.4182 3.65118 -101.632
-5.09046 -8.26311 -106.584
-12.821 1.97018 -96.967
-13.7116 7.25127 -103.214
-9.96002 3.85152 -101.587
-7.64381 -2.06651 -110.751
-12.1726 -1.34389 -108.927
-15.5068 5.45793 -109.32
-10.7415 -0.197081 -110.383
-5.97696 -2.17282 -99.6673
-4.75915 -3.03444 -100.554
-6.38854 -0.688566 -100.499
-7.75819 -1.24173 -111.165
-8.76886 3.62793 -102.709
-20.0978 -4.58781 -94.1844
-5.81293 -10.5304 -103.385
-8.1425 -12.0812 -98.9684
-18.3885 4.03075 -106.151
-18.9478 -1.72819 -101.77
-12.159 -0.396898 -95.4199
-16.3284 -7.85716 -97.0214
-20.4686 1.27881 -101.82
-15.8916 4.17126 -108.657
-14.9383 1.4658 -108.411
-13.7476 -10.399 -95.4114
-9.61267 -0.104568 -97.5994
-8.29873 -8.37154 -105.118
-13.4276 7.07491 -103.157
-8.1989 0.932148 -99.9899
-9.75116 -2.96699 -109.281
-5.80087 -1.77198 -111.495
-10.7428 -2.03768 -95.2456
-21.3878 -2.54555 -94.3899
-6.73172 -8.46669 -105.761
-12.6147 3.17307 -110.708
-13.2101 3.86294 -98.6687
-4.459 -7.42941 -107.627
-5.4577 -3.33707 -110.657
-5.0917 -2.04873 -111.519
-9.50313 -3.40331 -95.3302
-9.57223 0.999922 -111.492
-7.46842 -0.292159 -99.5808
-11.5447 4.8415 -101.333
-5.9366 -1.48778 -100.32
-21.3344 -2.71414 -94.1555
-8.73899 4.06398 -103.438
-19.5922 -2.87478 -99.2356
-12.8872 -10.0912 -98.0634
-8.86167 -3.15991 -96.0028
-16.8959 -8.35339 -93.4453
-17.3108 -8.06713 -92.8259
-14.7404 -9.91516 -94.518
-11.4245 2.76839 -111.252
-17.5137 -7.8595 -92.8975
-18.7865 -6.50275 -92.9684
-14.1217 -10.3712 -94.4545
-13.6068 -9.31192 -98.7642
-11.4024 4.01461 -100.336
-9.47798 0.463631 -98.2265
-3.15649 -6.51985 -108.742
-19.7306 -5.25823 -93.4675
-12.9291 -2.50867 -93.5572
-4.53545 -2.29032 -101.539
-13.0491 -1.11269 -94.3636
-13.2932 -3.25233 -92.9451
-7.38975 -9.39795 -104.278
-9.62842 1.98747 -99.6197
-8.12744 2.67968 -112.681
-11.825 1.03902 -96.8165
-6.19505 0.129448 -101.622
-5.94492 -2.22802 -99.6611
-7.94878 -12.3848 -98.3621
-15.3928 6.69555 -109.653
-13.6292 -10.8624 -93.613
-21.7953 1.27262 -99.1221
-8.48278 -2.67421 -110.055
-9.93919 1.26416 -98.5666
-17.7493 5.79479 -107.367
-10.7049 -1.80625 -109.519
-21.2987 -2.34647 -95.3087
-7.65351 -9.3529 -104.201
-9.68495 -12.5391 -95.6734
-11.2491 5.8094 -103.192
-11.0146 3.36929 -99.8858
-11.1022 2.39267 -111.293
-17.9776 2.16701 -105.822
-7.97532 -10.0205 -103.051
-17.5751 -7.24219 -95.3251
-8.81747 -0.168043 -98.2802
-19.5303 4.57068 -104.952
-18.8254 -6.178 -94.2665
-3.3117 -8.30213 -106.977
-11.4331 -11.7583 -95.4812
-20.8458 -0.147662 -99.8582
-8.48523 -4.77795 -108.562
-16.2625 4.08281 -108.307
-13.2538 6.04781 -101.563
-17.8067 4.30198 -106.883
-12.6449 -0.732844 -108.973
-13.534 -9.54439 -98.348
-7.74306 -0.660938 -111.468
-6.30712 -8.24034 -106.192
-7.24676 1.83293 -112.69
-18.5538 -5.22541 -97.6675
-9.34353 -1.88852 -110.154
-12.0221 -1.22854 -109.09
-10.0436 1.8684 -99.0886
-3.67442 -3.79564 -110.743
-8.60397 0.849727 -99.4643
-5.34132 -8.21114 -106.564
-8.26648 -9.59706 -103.507
-21.2802 2.06058 -100.892
-11.4138 -9.5291 -101.105
-9.18585 -0.792702 -97.4074
-7.13278 -0.618901 -111.696
-8.34523 3.2011 -102.637
-10.5924 -10.6755 -99.7504
-14.6744 5.38732 -109.942
-14.5486 -8.32191 -99.3637
-9.82342 -11.8881 -97.6656
-16.1511 6.69861 -109.036
-8.74156 -8.52405 -104.677
-17.9489 3.37154 -106.39
-19.0537 5.94108 -105.961
-8.94546 -4.58233 -108.502
-20.0427 -2.22746 -99.1442
-13.7761 1.36087 -109.248
-13.1069 2.52899 -110.176
-22.4573 0.771406 -96.6791
-15.6315 2.35312 -108.222
-19.7979 -1.50004 -100.523
-6.12796 -0.593592 -100.937
-22.0818 -0.918763 -95.2198
-21.2021 3.16066 -101.753
-6.63541 -3.03592 -110.508
-22.1145 3.22777 -99.9654
-21.3212 -1.96304 -96.0525
-4.64447 -9.27286 -105.536
-18.8975 5.16043 -105.934
-20.6181 4.12342 -103.221
-6.53195 -6.16333 -108.188
-20.0413 0.731565 -102.136
-12.6928 1.48285 -96.6058
-7.40543 -1.02216 -111.404
-8.80029 3.3151 -112.625
-3.76399 -10.5094 -104.118
-19.0561 2.05298 -104.441
-18.6462 3.9279 -105.814
-4.74213 -3.20318 -110.914
-17.903 5.30849 -107.085
-22.5887 1.96732 -97.702
-9.06887 2.21155 -100.461
-10.4974 -11.3255 -98.3403
-8.70724 -4.15091 -108.944
-7.36736 -9.93548 -103.528
-19.6385 -3.28014 -98.5331
-3.95899 -11.4416 -102.594
-18.7981 6.59003 -106.406
-19.2655 2.33853 -104.316
-12.35 -9.91846 -99.2517
-19.2092 2.96135 -104.703
-5.20527 -1.23965 -101.571
-19.8663 -4.23803 -96.0954
-6.13583 -1.01201 -111.802
-11.8281 3.9962 -99.929
-6.51398 -8.15336 -106.209
-12.1311 -1.72711 -94.512
-4.8508 -2.29391 -101.068
-3.22808 -3.02005 -103.001
-6.37206 -4.31382 -109.726
-3.82719 -2.57422 -111.476
-21.5504 1.75254 -100.101
-16.2562 5.54349 -108.715
-4.74501 -2.20912 -101.301
-11.0665 -2.82685 -94.5254
-13.4039 -10.5876 -95.5566
-14.3754 6.60504 -110.393
-14.7306 3.65051 -109.424
-8.51712 -2.74147 -96.5734
-13.3654 6.70666 -102.552
-15.4951 5.89234 -109.424
-11.1834 0.405917 -110.437
-5.02809 -5.11843 -109.508
-22.443 1.53391 -97.6677
-11.6674 3.28945 -99.2139
-19.2186 -5.80542 -93.8817
-15.1346 -9.68963 -94.1857
-22.0757 2.73662 -99.7042
-9.08177 -0.258051 -97.9501
-7.45579 -11.2603 -101.265
-6.71565 -3.96195 -109.864
-17.4687 -7.14642 -95.9562
-13.6868 2.89635 -109.922
-13.3463 -9.99413 -97.5376
-5.94532 -0.76487 -111.976
-13.91 -9.32721 -98.2351
-20.8935 0.936028 -100.769
-17.7523 -6.92526 -95.7435
-20.2524 -3.07505 -97.3165
-7.46547 -0.806939 -99.1088
-13.0033 4.97799 -110.975
-5.60034 -9.86229 -104.443
-10.9008 3.90877 -100.677
-12.2272 0.8966 -110.061
-5.78922 -11.7181 -101.359
-19.3557 -2.65673 -100.007
-9.8619 2.96752 -100.528
-11.8641 3.35711 -99.1276
-20.6712 -0.237923 -100.13
-11.9767 -9.81588 -99.9397
-9.17791 -0.603942 -97.5691
-5.43232 -12.1119 -100.754
-22.2412 3.1551 -99.6261
-15.3459 -9.55838 -94.0265
-7.80832 1.94635 -101.632
-3.66905 -4.84751 -110.006
-21.2987 6.07381 -102.845
-7.04923 -2.0322 -98.5357
-12.4573 0.888914 -96.2459
-18.3217 2.38284 -105.529
-9.08241 -10.7092 -101.106
-13.5154 5.57068 -110.782
-3.57108 -2.50776 -102.906
-12.6753 -10.0076 -98.5923
-13.2651 -3.50896 -92.8257
-7.96194 -4.98144 -108.629
-12.0757 1.5336 -97.0816
-8.21973 -9.40551 -103.809
-19.4831 3.46228 -104.57
-10.9975 -11.5115 -97.1216
-14.6449 3.13134 -109.314
-2.69202 -5.89903 -109.338
-18.7586 -1.46701 -102.318
-20.6282 0.295432 -100.726
-9.66637 -10.0424 -101.82
-19.476 -4.07401 -97.5741
-5.17125 -10.2044 -104.121
-12.5309 1.86282 -97.0654
-12.5309 -10.3974 -97.8487
-21.3249 1.75178 -100.571
-18.703 -5.33248 -97.0616
-9.50288 3.11128 -112.28
-3.31438 -10.0741 -104.836
-13.0916 1.7596 -96.5932
-21.1728 1.52809 -100.701
-19.0546 -4.79883 -97.2577
-13.1961 3.14996 -110.335
-16.1957 7.21437 -109.078
-11.8667 -8.82442 -101.829
-10.8423 -12.0342 -95.573
-22.1816 4.8069 -100.726
-15.6804 -9.41947 -93.3359
-21.9386 3.43795 -100.483
-13.5374 -0.647032 -108.398
-8.84125 -9.46219 -103.339
-11.691 4.88809 -101.258
-5.63839 -2.87969 -99.5165
-20.3497 -0.374185 -100.634
-5.08653 -6.53069 -108.312
-12.1061 -3.64583 -93.4052
-18.9949 5.22391 -105.836
-17.6978 4.9933 -107.21
-4.00001 -7.48281 -107.682
-20.0357 1.87718 -102.936
-19.7502 -0.104496 -101.948
-5.40254 -0.845244 -112.074
-7.10639 -11.4568 -101.114
-20.9966 3.6266 -102.367
-12.8422 -10.7983 -96.0772
-15.845 3.53101 -108.487
-22.1001 0.946317 -97.9939
-8.07809 -0.680581 -111.335
-8.30865 -10.2795 -102.427
-14.699 6.61806 -110.164
-7.58865 0.85536 -100.617
-18.5438 -6.28543 -95.0367
-8.2605 0.00234908 -111.593
-5.55108 -1.81186 -100.532
-5.11177 -7.55471 -107.326
-9.72607 3.847 -101.848
-19.2305 4.85817 -105.433
-3.74989 -10.3774 -104.311
-13.7668 3.69866 -110.132
-4.54668 -2.4969 -111.384
-10.436 0.817528 -97.7053
-11.4575 -11.9514 -94.5681
-21.214 0.476916 -99.6886
-19.1491 2.14059 -104.365
-9.11776 -11.011 -100.49
-20.5682 0.568479 -101.079
-16.7939 4.05686 -107.812
-4.17169 -4.52113 -110.148
-10.4638 4.14727 -101.451
-9.98879 2.45312 -99.786
-18.2908 -4.38665 -99.6706
-11.7409 5.96679 -102.912
-6.09155 -2.46187 -111.023
-13.3355 1.7375 -109.715
-15.6908 3.55614 -108.626
-8.83373 -0.328151 -111.21
-16.7014 6.97456 -108.601
-12.6756 5.62444 -101.425
-13.562 0.814036 -109.148
-7.71212 -0.258831 -99.34
-18.7438 3.78627 -105.643
-7.83457 -5.32039 -108.406
-4.25142 -1.43011 -102.88
-18.984 4.10556 -105.474
-7.91361 -3.26578 -96.7828
-10.9288 -11.2815 -97.8847
-6.75126 -9.72047 -104.148
-21.9581 -0.628717 -96.2515
-9.56653 -11.6589 -98.5916
-13.8 5.54759 -110.59
-11.2334 5.42287 -102.554
-9.17823 -0.500538 -97.655
-12.4074 -9.3409 -100.343
-14.4398 -9.75029 -95.9958
-18.3309 0.198179 -104.246
-9.79985 -1.11309 -96.6273
-8.76604 -2.93612 -109.765
-17.9817 5.86007 -107.141
-9.65219 4.2173 -112.525
-12.1685 -3.32391 -93.5399
-7.74823 -5.23087 -108.516
-18.7685 -5.81584 -95.6699
-4.18277 -6.76896 -108.32
-10.4985 -11.7908 -97.0187
-18.7755 -3.72 -99.7086
-5.19257 -7.37603 -107.482
-17.0729 5.83702 -108.042
-9.60866 -9.26362 -103.097
-4.56749 -11.5644 -102.173
-10.0569 -11.7588 -97.7325
-6.04721 -2.7187 -110.882
-22.2395 2.84222 -99.4004
-10.2243 3.77072 -101.187
-14.9323 -9.95784 -93.582
-7.53282 2.20402 -102.336
-12.8622 3.63173 -110.7
-12.614 -9.64226 -99.4853
-10.5191 -10.769 -99.6283
-21.757 5.83316 -101.969
-8.68129 3.25775 -112.654
-8.00046 -8.57592 -105.026
-11.3485 1.43698 -97.5388
-12.2199 -0.12226 -95.5882
-13.0265 3.62688 -110.596
-16.6619 -8.63314 -93.0452
-8.78112 1.13731 -111.879
-7.38287 2.55159 -103.039
-13.9562 -8.29498 -100.276
-18.7248 4.68591 -105.989
-7.91776 -12.5844 -97.8318
-15.4291 -8.1771 -98.1511
-12.0776 -1.83903 -94.4738
-19.4437 -4.48528 -96.8402
-13.5507 3.42794 -110.193
-13.3161 5.21932 -100.297
-13.5282 5.31483 -110.719
-5.84435 -2.4235 -99.6252
-13.2006 -9.8877 -98.0612
-13.167 2.04605 -109.953
-11.4571 -10.3098 -99.5416
-12.0789 -10.4017 -98.5202
-6.96392 -2.32705 -110.834
-4.26714 -2.44462 -101.808
-20.4392 2.66741 -102.77
-4.1288 -2.74401 -101.745
-9.62574 -12.4643 -96.0613
-5.49917 -8.92112 -105.693
-13.8449 -10.7743 -93.275
-20.2361 4.69101 -104.025
-21.2198 -1.59979 -97.0439
-9.08153 -4.0106 -108.873
-19.5115 -0.0718146 -102.362
-20.7013 -2.64191 -96.7937
-6.23246 -2.88691 -110.725
-13.3469 -10.2486 -96.8144
-17.2849 5.12994 -107.662
-6.16142 -2.20958 -99.4118
-22.2448 2.18454 -98.8492
-7.15778 0.184953 -100.423
-11.8534 6.29476 -103.372
-19.2738 0.872528 -103.421
-5.87023 -1.69282 -111.519
-6.03212 -6.77766 -107.797
-13.5857 -10.7544 -94.3415
-19.4525 -2.35274 -100.197
-20.0818 -0.16234 -101.327
-10.1522 -3.08915 -95.0202
-13.0506 -8.8153 -100.522
-3.49436 -2.54591 -103.004
-10.1327 -2.90908 -95.1434
-17.6402 3.59077 -106.806
-11.6681 -11.6131 -95.5619
-6.54622 -0.656011 -111.86
-6.649 -0.392586 -100.464
-12.8402 2.29938 -97.2701
-8.35034 -1.33673 -110.889
-12.5427 5.36976 -101.165
-4.30272 -7.58205 -107.513
-12.8765 -1.36826 -94.2945
-9.77642 1.85539 -111.737
-9.29809 1.34357 -99.261
-6.26661 -12.6057 -99.1498
-6.54705 1.10498 -112.628
-14.7232 0.8739 -108.301
-12.952 -0.36559 -108.969
-16.7668 6.43991 -108.45
-8.77445 -12.6825 -96.5197
-5.48793 -10.2926 -103.874
-4.02889 -7.91966 -107.232
-15.806 6.64647 -109.314
-6.69544 -10.0245 -103.74
-5.78998 -1.80409 -100.224
-20.0921 -3.62678 -96.7233
-21.6956 -0.43406 -97.4027
-20.676 -1.47915 -98.6839
-9.12749 -2.17701 -96.423
-21.4123 -2.59534 -94.1111
-20.4423 6.93366 -104.376
-7.2281 0.0950412 -100.245
-5.99588 -8.41812 -106.107
-13.4065 -0.924122 -108.331
-18.5143 -5.48796 -97.219
-4.27545 -4.07372 -110.441
-16.5692 6.69415 -108.673
-12.841 -10.0829 -98.1561
-19.1944 -4.02736 -98.3464
-22.0468 2.59942 -99.6662
-4.53814 -8.58915 -106.377
-7.69782 -1.26399 -111.175
-12.7868 -9.35713 -99.8361
-20.7204 -3.56039 -94.5811
-15.6369 -9.54573 -92.7256
-6.88139 -6.57109 -107.686
-8.69802 1.8909 -100.497
-5.63805 -0.898441 -111.99
-18.7912 -3.02322 -100.599
-6.98081 -2.32829 -110.828
-10.2037 4.69387 -102.561
-15.6783 5.25135 -109.131
-21.2083 -2.99638 -93.9149
-6.7322 -2.34578 -110.898
-21.9953 0.769823 -98.082
-9.66957 -11.2544 -99.4506
-3.0115 -6.6083 -108.686
-10.1921 3.44337 -100.787
-12.5731 5.47479 -111.343
-12.6676 -8.65527 -101.252
-20.5915 0.704639 -101.149
-7.71297 0.993979 -100.621
-6.88761 -12.3338 -99.3756
-10.5239 4.01675 -112.081
-19.3846 -4.79212 -96.3264
-12.1493 6.60604 -103.619
-7.96071 1.61216 -112.371
-4.86302 -5.94029 -108.885
-20.9235 1.46221 -101.132
-11.6963 -11.8243 -94.5734
-12.1552 -2.51328 -94.0093
-6.98241 -0.263946 -111.913
-5.71864 -7.17256 -107.521
-20.5191 5.30922 -103.828
-18.2018 -6.4143 -95.8173
-5.38429 -8.87719 -105.784
-11.6076 -10.7269 -98.3846
-13.7245 2.75144 -109.844
-19.8256 1.01617 -102.691
-17.4506 -7.37477 -95.3008
-18.5637 4.38696 -106.075
-6.83856 0.318935 -112.219
-5.42667 -0.97258 -101.524
-17.8645 -7.09501 -94.7994
-6.76132 -5.58097 -108.607
-13.014 -0.322896 -108.95
-15.0955 -9.87976 -93.3142
-13.1643 -10.5011 -96.3948
-6.64789 -12.4859 -99.1793
-9.10588 -2.81459 -96.0164
-20.2374 -4.21409 -94.7635
-7.20184 -0.277201 -99.9045
-19.8661 -2.65994 -98.9379
-20.2801 4.83033 -104.012
-5.50913 -6.04301 -108.622
-8.69504 -12.2134 -98.0741
-9.36632 3.73732 -102.117
-8.18678 -8.36655 -105.183
-12.8212 -9.87178 -98.6909
-9.60601 2.08864 -111.897
-6.46862 -10.7843 -102.674
-10.5152 2.58158 -99.4283
-13.8783 -9.15249 -98.6865
-14.0635 -10.6268 -93.2769
-11.766 4.71599 -111.629
-8.51127 2.00229 -100.842
-14.1429 0.120513 -108.369
-6.11367 -10.2941 -103.611
-21.4312 0.396777 -99.1097
-9.76403 1.99605 -111.794
-9.2615 2.94214 -101.151
-19.3344 -5.1008 -95.7142
-15.7626 5.5492 -109.132
-7.1824 -1.99339 -110.954
-18.9655 -1.32443 -102.129
-9.98734 -0.342718 -97.0781
-7.07773 -2.93983 -97.8298
-14.3757 1.1322 -108.698
-9.58513 -10.0454 -101.88
-12.2691 -10.9472 -96.7183
-13.6534 6.90118 -102.629
-3.43062 -7.21237 -108.059
-10.2656 2.13414 -99.1663
-14.9105 -10.0219 -93.2935
-22.3858 3.65871 -99.6302
-20.5509 -1.65071 -98.7532
-11.0192 -3.09879 -108.496
-3.29298 -7.6672 -107.64
-7.69764 0.48933 -112.013
-12.5719 2.70369 -97.8659
-8.03367 -3.71629 -109.547
-11.9642 -10.8856 -97.4287
-5.55042 -3.44548 -99.1979
-12.1336 5.5645 -101.844
-14.7587 1.46877 -108.556
-19.9691 5.51487 -104.676
-17.0812 6.5939 -108.187
-12.4179 -1.88481 -108.43
-11.224 2.87645 -99.1233
-18.4272 1.38866 -104.873
-5.65139 -7.77417 -106.932
-8.97236 -12.2646 -97.6142
-13.0715 -8.89439 -100.352
-3.81598 -1.91183 -103.107
-15.3434 -8.59712 -97.314
-22.6383 1.82357 -97.3956
-18.3794 -4.39993 -99.4788
-9.43124 -8.76271 -103.928
-13.3446 -0.249362 -108.759
-3.69531 -9.14034 -105.943
-19.1496 -4.74791 -97.1062
-7.36897 -12.1684 -99.406
-11.3414 -3.52466 -93.9462
-10.608 -9.04574 -102.639
-9.91947 -10.0471 -101.6
-14.6105 4.68951 -109.818
-6.80149 -4.43654 -109.493
-13.1758 3.34562 -110.412
-9.701 1.46267 -98.991
-16.4318 -8.78741 -93.3387
-4.48753 -2.66135 -101.27
-10.2673 -10.2954 -100.839
-8.19899 0.954184 -112.028
-11.8311 -1.58868 -108.994
-6.48048 1.82737 -103.366
-13.1121 5.74835 -101.227
-12.5369 2.81797 -98.0104
-3.53003 -3.15645 -102.341
-16.2126 -8.47893 -95.4946
-21.2507 5.6984 -102.805
-13.3882 -0.769426 -108.435
-5.09699 -2.3983 -111.319
-9.45414 1.97039 -111.919
-12.0873 -11.5142 -95.0166
-7.55027 2.80158 -103.164
-10.8037 -12.0024 -95.7702
-22.2415 0.167421 -96.5395
-12.652 -0.765082 -94.8408
-13.6169 4.88518 -110.56
-9.33716 -9.25283 -103.306
-20.9492 -2.10476 -97.0058
-7.78527 2.41231 -102.276
-5.90461 -2.68055 -99.3452
-21.6412 0.861833 -99.0875
-7.05751 1.0275 -101.487
-3.79573 -3.47282 -110.931
-8.86375 0.686726 -111.659
-7.01375 -0.755507 -99.6704
-11.9423 -2.14082 -108.576
-10.5881 3.66158 -111.952
-5.87941 -5.80025 -108.718
-11.7779 -11.0019 -97.3965
-15.4491 2.91463 -108.597
-4.25329 -8.62454 -106.411
-9.76219 -8.93563 -103.458
-9.20056 -10.9901 -100.459
-14.6353 -9.07471 -97.5312
-15.3374 3.04618 -108.738
-11.5034 5.78137 -102.856
-7.03561 0.126081 -112.073
-12.5639 3.65082 -110.887
-12.6621 -11.2084 -94.9034
-13.7652 -9.80523 -97.2757
-20.1586 2.27743 -102.987
-12.5663 -8.5315 -101.566
-15.3697 2.92506 -108.667
-21.232 -1.73329 -96.777
-12.7687 1.40003 -109.944
-14.9294 3.54619 -109.237
-12.325 3.53468 -98.9606
-22.4399 2.87346 -98.9311
-5.19682 -9.47816 -105.1
-21.0903 0.857757 -100.305
-7.82829 -11.8149 -99.8572
-12.0993 -10.9296 -97.074
-11.7254 -0.991768 -95.2762
-9.50184 -11.268 -99.5881
-3.40966 -3.02387 -102.675
-22.2857 2.77967 -99.2398
-8.07565 -0.545269 -98.6904
-13.1486 2.88303 -97.6447
-10.095 -2.74797 -109.249
-6.95184 -11.9835 -100.131
-7.19425 -5.90717 -108.165
-15.5834 -8.53465 -96.9525
-4.53258 -2.19087 -111.561
-3.35464 -6.76591 -108.487
-19.6088 4.05433 -104.651
-15.2722 2.52787 -108.593
-8.0716 -10.2517 -102.625
-10.6463 0.00446128 -110.53
-9.31057 -2.27411 -109.937
-7.26132 -11.2446 -101.418
-3.78196 -6.96148 -108.227
-6.87676 -12.3848 -99.2592
-14.5223 2.86276 -109.309
-6.58374 -11.5969 -101.159
-18.3682 -3.02976 -101.311
-12.2007 -1.61123 -94.5449
-12.0018 2.25979 -97.837
-20.8181 0.405541 -100.451
-8.06212 -1.72514 -110.787
-7.77065 2.26969 -112.669
-18.2944 -6.55621 -95.0637
-12.4327 6.31068 -102.777
-7.29701 -11.1679 -101.538
-3.22671 -3.37909 -102.657
-8.12006 -1.7337 -110.76
-16.9107 -8.08958 -94.5993
-19.5986 5.84655 -105.26
-11.5654 3.96932 -111.543
-10.2374 -3.23551 -108.842
-10.0461 1.45072 -98.6564
-7.9618 -12.5415 -97.9097
-18.5593 1.42026 -104.725
-6.73952 0.723944 -101.556
-21.5661 1.06398 -99.4601
-10.2842 4.55101 -102.246
-5.6669 -0.114794 -102.111
-8.65296 2.34911 -101.101
-2.80187 -3.73063 -103.098
-6.48488 0.282441 -101.396
-11.2222 -12.0636 -94.6055
-9.63369 -11.5428 -98.8061
-20.2929 -1.08147 -100.009
-22.7845 3.01386 -98.1246
-11.5822 -9.41388 -101.132
-4.35442 -3.71885 -110.664
-7.72294 -8.20205 -105.616
-6.864 -12.4293 -99.1595
-20.3488 -3.35702 -96.4819
-6.07919 -3.43095 -98.5793
-16.2021 -9.06292 -92.8453
-20.5413 2.52709 -102.522
-6.19884 -9.97178 -104.043
-18.7588 -6.45793 -93.3695
-19.2804 -5.13209 -95.8127
-8.27313 0.504791 -99.4704
-21.8793 5.33328 -101.555
-19.0363 -2.9076 -100.296
-5.86846 -8.63672 -105.899
-22.7046 2.98587 -98.3236
-8.47737 -9.01379 -104.194
-20.8597 -1.85886 -97.6669
-14.3881 -10.148 -94.6136
-17.671 -7.75815 -92.5186
-11.8833 2.46384 -98.1364
-6.27634 -2.49257 -99.0489
-10.9342 -0.835454 -95.9485
-9.26257 -0.639042 -110.872
-4.55828 -7.0597 -107.959
-12.1883 3.93151 -111.188
-19.1066 3.96397 -105.266
-2.64276 -5.84308 -109.389
-12.7679 1.87676 -96.9169
-21.319 4.69985 -102.313
-10.5309 -8.94157 -102.858
-10.356 -2.47194 -109.291
-3.67412 -10.6703 -103.902
-16.4194 7.37215 -108.906
-5.96192 -12.3669 -99.9097
-7.47428 -11.5224 -100.738
-13.9931 -8.46415 -99.9138
-18.7487 5.35691 -106.164
-13.8313 0.11684 -108.601
-6.34753 -6.12603 -108.284
-11.5089 2.93929 -98.9508
-11.9339 -0.880457 -109.343
-21.9864 -1.34097 -94.6854
-16.3361 4.49608 -108.367
-7.87785 2.61031 -112.744
-11.0414 -10.8899 -98.7353
-11.1782 -0.113745 -96.3245
-6.93853 -1.86683 -111.106
-6.39364 -12.4773 -99.3764
-18.2977 4.96942 -106.562
-7.76155 2.24529 -112.663
-10.472 2.01124 -98.8471
-12.1167 0.880406 -110.119
-9.64601 3.82977 -101.918
-19.744 0.34475 -102.321
-16.3397 -8.38126 -95.443
-20.9216 5.25112 -103.187
-8.0336 2.65416 -112.704
-21.0277 4.85008 -102.866
-6.58287 -11.9756 -100.389
-16.5711 3.44685 -107.808
-5.69727 -2.15341 -100.039
-19.71 -2.6828 -99.2466
-3.74314 -2.17944 -102.948
-5.87178 -12.0092 -100.735
-19.2268 -0.877404 -102.124
-15.7447 3.52077 -108.568
-6.57306 -7.76753 -106.607
-13.2402 5.4314 -100.656
-6.44667 -6.89562 -107.539
-6.3939 -11.4673 -101.514
-11.2453 5.00772 -111.969
-5.56971 -11.8588 -101.193
-14.1138 2.19877 -109.357
-13.6251 5.92462 -110.78
-5.21432 -10.922 -103.012
-22.6908 3.56807 -98.8151
-22.0227 1.03734 -98.303
-8.66508 -3.43547 -96.0027
-7.24326 0.0455898 -111.97
-21.2976 1.16952 -100.146
-9.17542 -0.821752 -97.395
-11.5814 -1.28516 -109.326
-7.71391 0.565107 -100.158
-20.5557 4.89865 -103.628
-18.5713 -0.0908112 -103.722
-7.68761 -2.29976 -110.596
-9.63985 3.92672 -112.454
-11.0227 -10.4949 -99.6529
-8.06553 -9.30013 -104.044
-12.9016 -1.97532 -93.894
-15.5078 6.12413 -109.459
-10.6951 0.146715 -110.573
-18.6762 -5.4972 -96.7602
-20.625 -0.695706 -99.7418
-22.2617 4.18937 -100.232
-8.36115 2.22321 -101.293
-5.7867 0.0801597 -102.159
-8.52836 -1.02654 -97.8303
-21.214 2.8271 -101.53
-13.0714 -10.175 -97.5323
-5.75126 -11.8298 -101.159
-19.3568 -1.05823 -101.747
-14.9183 -9.21246 -96.5518
-15.6766 -9.38602 -93.5398
-19.1357 -1.23303 -101.943
-18.2309 -5.89217 -97.0562
-9.82948 -3.2623 -109.038
-3.04732 -6.22443 -109.013
-13.7198 -3.73679 -92.4783
-11.2703 -1.43663 -95.2774
-21.797 -1.04415 -96.0905
-9.65367 -2.00958 -96.1011
-9.85178 4.56012 -102.777
-18.8563 -5.22058 -96.8876
-10.2199 2.84288 -100.015
-14.2229 -8.71279 -99.0806
-13.605 1.52966 -109.441
-9.16447 0.24609 -111.339
-17.9259 7.35909 -107.483
-5.30978 -5.67796 -108.985
-11.9747 2.57146 -98.1777
-6.82258 -0.509048 -100.135
-16.6873 -8.65322 -92.7512
-18.9841 -2.84598 -100.467
-8.11933 2.67204 -102.188
-11.5233 4.93531 -101.494
-9.45374 -4.63866 -108.202
-4.00402 -11.5922 -102.316
-10.2974 -0.0202288 -97.0889
-20.6971 -0.830181 -99.434
-13.7705 -3.03214 -92.8176
-13.729 -8.70191 -99.8349
-3.18721 -4.28213 -110.489
-11.0008 1.86079 -98.234
-18.4331 -5.20558 -97.9895
-11.9145 -1.73344 -108.852
-6.75666 -7.76783 -106.533
-20.1422 3.98215 -103.875
-15.5288 -8.67611 -96.686
-13.5691 0.311557 -108.893
-18.2419 -5.71945 -97.4088
-19.7019 -4.66882 -95.5749
-5.68794 -8.40327 -106.232
-21.484 -0.184837 -98.3146
-3.92001 -2.81132 -111.318
-6.59611 -3.04146 -98.2749
-17.3257 7.18257 -108.052
-17.8117 7.5022 -107.619
-12.9532 2.8398 -110.384
-7.41375 1.8088 -101.978
-9.03058 -4.51241 -108.514
-6.96698 -1.75834 -98.8488
-12.8878 -0.837131 -108.748
-18.8861 -5.68663 -95.6321
-5.31015 -12.0134 -101.011
-9.15889 3.55276 -112.551
-17.7893 7.16632 -107.593
-11.3957 -1.40222 -109.367
-20.3382 -3.09794 -97.0241
-6.04159 -11.6314 -101.392
-12.3624 4.11442 -111.138
-21.3306 2.81198 -101.301
-5.56734 -1.7562 -111.563
-16.1366 6.81158 -109.065
-12.7614 -0.999345 -94.6121
-12.8589 4.36588 -110.909
-6.30667 1.45201 -103.112
-6.52716 -12.5172 -99.1854
-14.7264 -10.1216 -93.5046
-8.80267 1.14905 -99.5669
-16.2564 3.34373 -108.058
-8.58147 1.10737 -111.945
-20.7702 0.492205 -100.623
-18.7914 -3.23464 -100.33
-12.5311 3.02403 -98.2347
-12.6522 -1.33242 -108.616
-14.9659 5.53731 -109.757
-13.6095 -9.47749 -98.3775
-5.31651 0.458293 -103.378
-11.236 -1.66765 -109.302
-12.2692 -3.39036 -93.4457
-9.32984 -0.222147 -111.048
-4.50998 -10.128 -104.447
-13.2874 0.290166 -95.2394
-10.285 3.76262 -101.114
-19.3805 -0.221681 -102.443
-6.46376 -10.8347 -102.591
-19.953 -2.10867 -99.4893
-5.5448 -3.02179 -99.5254
-18.451 0.925587 -104.565
-12.8224 -0.830909 -108.796
-3.37635 -6.54685 -108.679
-9.88769 2.0704 -99.458
-18.7017 -5.59121 -96.4624
-9.93681 -9.35346 -102.712
-12.9225 -1.44936 -108.357
-8.91905 -3.8552 -109.062
-17.403 5.82834 -107.72
-13.9803 2.70074 -109.645
-12.3484 -1.24263 -108.871
-7.23441 -11.3671 -101.202
-7.20004 -11.246 -101.453
-7.57456 2.15781 -102.219
-11.0092 -11.1234 -98.1914
-15.2613 4.06793 -109.142
-12.9932 6.96616 -103.393
-18.7819 -5.55694 -96.3081
-4.83989 -7.70101 -107.252
-21.1828 3.79912 -102.13
-10.1007 5.12296 -103.401
-15.3841 6.04576 -109.541
-13.6448 -0.57086 -108.36
-4.8383 -7.00044 -107.943
-10.1143 -9.47449 -102.383
-9.09251 -12.6637 -96.1311
-3.33551 -9.79962 -105.194
-10.1306 0.448156 -97.6335
-18.4015 3.38078 -105.881
-3.50902 -2.83394 -102.689
-3.50043 -2.48579 -103.058
-4.10182 -10.9809 -103.304
-10.2618 3.70425 -112.117
-8.91616 2.57736 -112.35
-8.98556 2.77849 -112.387
-13.2514 4.57596 -110.718
-8.06638 2.95788 -112.787
-16.2163 -8.95571 -93.4338
-14.4288 -9.85333 -95.6617
-12.7623 -11.1958 -94.6848
-10.7026 -12.1341 -95.4344
-21.5175 5.94489 -102.429
-6.20033 -11.6335 -101.303
-6.99257 -1.04698 -99.4306
-3.62387 -9.67007 -105.298
-9.9115 -11.1571 -99.4162
-6.92464 -9.06901 -104.935
-10.9809 -8.81052 -102.672
-17.896 2.91668 -106.256
-8.72439 1.90765 -100.489
-20.5378 -3.89406 -94.3914
-18.334 3.33431 -105.94
-11.0815 1.87923 -111.113
-12.1755 4.8751 -100.789
-22.4676 0.18743 -95.7322
-12.6745 1.40531 -96.5511
-8.18951 1.50502 -100.636
-5.29348 -1.65313 -111.686
-11.6436 -11.0943 -97.3406
-5.51331 -2.7414 -99.7873
-5.574 -10.9672 -102.789
-6.86322 0.773894 -101.45
-15.0688 6.23201 -109.82
-11.8987 1.60278 -97.2778
-11.9859 -11.5928 -94.9127
-7.8951 -12.6524 -97.6493
-13.4344 -0.286108 -94.7222
-7.1374 -2.44022 -98.1307
-8.12381 -0.50911 -111.4
-6.03116 -6.95223 -107.63
-15.3332 -9.41543 -94.713
-12.0785 4.21875 -99.9971
-11.0303 -10.3936 -99.8564
-7.34074 2.48945 -103.013
-19.9872 -5.00626 -93.0434
-18.3966 -6.06987 -96.1546
-7.60318 -0.152052 -99.5658
-11.3451 4.4151 -100.929
-4.15411 -2.14723 -111.659
-21.9513 2.86871 -100.074
-6.33831 0.707765 -112.526
-9.04059 -1.27285 -97.1613
-18.3764 -0.726 -103.501
-20.616 6.39068 -103.998
-18.573 -1.09917 -102.918
-9.05513 2.06759 -100.31
-13.3362 4.99308 -99.9774
-9.75832 0.61454 -111.241
-11.5281 -2.77262 -108.412
-8.1656 2.52693 -112.615
-15.0522 2.35253 -108.7
-10.9003 -2.59483 -108.909
-10.3945 -2.51706 -95.1938
-10.2963 -2.7421 -109.146
-13.1545 -9.7139 -98.5478
-3.88057 -3.67216 -110.785
-7.23048 -0.0738854 -100.074
-13.2941 -10.9964 -94.052
-18.7661 -0.0669328 -103.47
-7.91971 -4.89432 -108.714
-5.20061 -10.7517 -103.287
-5.05439 -2.76261 -100.376
-9.52547 -12.2898 -96.8194
-11.4187 4.15248 -100.504
-18.9863 6.02952 -106.06
-18.126 -7.06899 -93.7748
-6.09912 -7.6969 -106.857
-17.8833 2.72842 -106.187
-9.00008 -12.089 -98.0793
-20.7538 -3.09833 -95.6563
-11.7683 -10.4392 -98.8544
-20.444 -4.2129 -93.7489
-18.8408 -5.48049 -96.3192
-7.26807 -0.728762 -111.596
-21.4748 0.587831 -99.2013
-20.8595 -2.02281 -97.4029
-4.86697 -9.69307 -104.925
-5.13378 -2.47292 -100.515
-9.17221 2.17045 -112.108
-13.1419 -10.9429 -94.7755
-16.5694 -7.69252 -96.8625
-20.3421 -4.50493 -93.1164
-5.74334 -6.86746 -107.804
-10.2 0.547632 -111.004
-11.0908 -0.39511 -110.092
-3.73873 -4.21986 -110.441
-12.7308 0.232229 -95.5356
-5.15025 -11.6084 -101.858
-18.9109 -4.42855 -98.3055
-5.08682 -2.0666 -111.508
-7.18392 -12.1198 -99.6567
-19.1206 -5.56186 -95.1564
-21.9973 -0.334936 -96.5914
-5.1322 -10.2438 -104.075
-3.63692 -2.2052 -103.111
-16.4659 -7.94404 -96.4407
-14.2447 -8.40556 -99.6574
-7.91949 -11.0262 -101.386
-20.7058 -2.072 -97.7495
-10.4699 -10.2645 -100.699
-8.62759 -10.6536 -101.558
-21.9259 -1.56923 -94.3923
-7.00296 -0.982116 -99.4776
-8.36033 3.6137 -103.25
-19.8333 5.63317 -104.891
-5.36238 -4.73726 -109.708
-10.8454 -2.36873 -94.9621
-4.85699 -3.1591 -110.914
-8.4219 -1.09408 -110.988
-10.1678 2.57547 -111.812
-10.9661 -0.406621 -110.154
-14.9225 -9.91851 -93.8265
-19.6429 7.22823 -105.504
-12.5142 -10.7706 -96.811
-20.2119 -2.11729 -98.9072
-18.1371 -6.76178 -94.9439
-22.4977 1.86623 -97.8562
-5.82237 -0.127841 -101.869
-21.6823 1.14005 -99.2584
-10.7121 -0.0319945 -110.477
-10.7635 -9.54728 -101.701
-19.1006 -4.09935 -98.4352
-12.2379 3.00526 -98.4378
-21.0448 1.75009 -101.115
-9.58243 -11.9548 -97.7707
-18.9252 5.37783 -105.961
-4.67792 -9.01108 -105.842
-14.9764 5.77613 -109.799
-22.0665 3.26551 -100.091
-3.76647 -7.10274 -108.095
-8.64956 2.06499 -100.761
-20.104 0.728553 -102.025
-16.6618 4.92021 -108.192
-12.0918 6.33633 -103.187
-19.0398 2.46916 -104.678
-9.18415 -11.8341 -98.5561
-19.9978 -2.54475 -98.7989
-11.7255 2.22001 -110.892
-15.2998 3.40622 -108.895
-20.0046 -4.09331 -95.9656
-12.1097 -10.2577 -98.8116
-18.218 -6.31966 -96.0239
-21.6456 -2.20996 -94.032
-21.7335 4.67174 -101.546
-19.1251 -2.56791 -100.545
-14.1891 3.61939 -109.81
-21.7559 4.00711 -101.175
-6.55438 -7.69629 -106.688
-10.9413 0.642153 -110.672
-9.86569 -8.33154 -104.198
-21.032 -0.598361 -98.9357
-2.61352 -3.38952 -103.804
-8.90233 1.19798 -99.5154
-2.87982 -7.0397 -108.312
-11.8824 4.77529 -100.919
-18.3476 -1.83421 -102.584
-9.44374 -3.3558 -95.4086
-21.6684 0.631914 -98.7777
-3.6323 -6.61138 -108.573
-22.0501 -0.948468 -95.2807
-3.39471 -10.1392 -104.726
-19.1756 -5.10519 -96.2149
-11.7192 0.682162 -110.261
-19.0843 1.46734 -104.063
-5.63004 -5.30911 -109.192
-20.6191 3.91761 -103.122
-11.8613 3.79343 -99.6525
-11.0376 5.75336 -103.348
-11.9115 -1.86143 -94.5675
-9.54662 -3.13995 -109.263
-5.56456 -2.37998 -111.212
-18.9464 4.1699 -105.54
-16.8041 3.77362 -107.703
-10.475 -2.84441 -94.9332
-21.5964 -2.29971 -94.0236
-10.2044 3.53161 -100.893
-12.6635 6.51016 -102.896
-21.2214 1.93496 -100.91
-5.95132 -10.9785 -102.599
-4.85729 -8.04766 -106.882
-18.9889 -3.15136 -100.068
-12.8256 0.836455 -109.654
-8.5959 3.12449 -102.203
-6.50563 -4.25104 -109.725
-6.97598 -0.306964 -100.149
-22.0211 -0.343762 -96.4942
-15.1208 2.35531 -108.645
-18.4898 -4.01519 -99.83
-10.6761 5.23385 -102.883
-14.7391 -8.26473 -99.1678
-7.51761 -1.78768 -98.233
-8.88235 -2.56462 -96.3734
-18.6999 7.50908 -106.672
-8.44397 -3.22208 -96.3301
-19.579 -0.876194 -101.542
-14.9341 -9.32825 -96.153
-19.7054 6.61124 -105.303
-7.19917 -11.4959 -100.972
-12.4616 -10.6495 -97.2637
-7.85572 -11.8813 -99.681
-21.4608 5.84405 -102.493
-8.95259 -0.258194 -98.0754
-20.0058 -2.175 -99.2873
-15.9705 5.46945 -108.938
-10.571 4.64914 -102.073
-11.2492 -2.10834 -109.02
-22.1674 4.00757 -100.33
-9.56077 1.45152 -99.1178
-17.1934 7.26374 -108.188
-5.38833 -3.14236 -99.6321
-10.8604 2.54523 -99.0772
-10.3724 -1.55585 -95.852
-12.9214 5.68848 -111.176
-3.55834 -6.23649 -108.915
-6.54208 -10.8457 -102.53
-20.8029 -3.70455 -93.6538
-4.61279 -1.30153 -102.426
-6.62982 -8.29819 -105.994
-17.4099 3.99621 -107.186
-6.76207 -2.22755 -98.7032
-6.77194 -1.87205 -98.9773
-8.77936 2.13562 -112.252
-16.1557 3.07269 -108.045
-3.90243 -3.31127 -101.596
-5.00558 -9.88366 -104.623
-20.7964 6.06406 -103.638
-13.0128 0.68649 -95.7225
-11.6284 -9.49521 -100.935
-8.14105 -3.59412 -109.586
-14.3038 -10.3773 -93.762
-8.38688 0.824068 -111.902
-8.97694 -1.37541 -97.141
-13.8872 -9.01931 -98.9564
-10.5239 1.37047 -111.195
-11.2856 -8.52082 -102.83
-20.4346 -3.15847 -96.6097
-19.0026 2.15967 -104.564
-16.2599 3.87502 -108.237
-15.0603 -8.51975 -98.0592
-17.1641 5.68239 -107.915
-12.1843 -0.374617 -95.4239
-13.5369 -0.608342 -108.417
-6.325 -4.58284 -109.54
-8.3569 1.37124 -100.294
-15.1453 -9.5608 -94.7124
-7.22994 -8.9215 -104.978
-11.0644 -10.0321 -100.537
-12.9972 -10.3013 -97.3095
-8.29329 -9.81913 -103.156
-15.4009 -8.64007 -97.0694
-11.216 -10.8692 -98.5547
-14.6675 2.35018 -109
-4.46689 -10.4819 -103.951
-4.16989 -1.49927 -102.949
-6.75688 -5.65656 -108.542
-7.5713 -12.2777 -98.9693
-10.5851 -1.9818 -109.474
-22.2836 1.1794 -97.7266
-21.2705 -0.967767 -97.8511
-10.25 -1.49275 -95.9913
-8.20658 -8.26714 -105.288
-13.1314 7.22202 -103.748
-19.1946 2.89552 -104.686
-15.1639 2.80032 -108.784
-13.5868 -9.06633 -99.3108
-9.81315 -2.67348 -109.439
-6.97553 1.74927 -102.513
-5.96462 0.306866 -102.166
-12.152 5.72513 -111.632
-20.4144 5.5012 -104.039
-10.5608 -10.1231 -100.874
-15.4386 2.28542 -108.353
-11.2434 -11.1502 -97.7874
-15.264 6.1721 -109.657
-20.7398 -0.946309 -99.1975
-5.81383 -3.26324 -110.605
-20.2423 3.27951 -103.398
-9.98158 3.4468 -112.169
-9.21744 -4.32101 -108.569
-5.03936 -1.89749 -101.17
-9.98668 1.5967 -98.8632
-13.074 -10.273 -97.2498
-4.69844 -6.26293 -108.646
-11.4865 -9.18022 -101.622
-18.7668 3.62262 -105.545
-6.96541 0.413577 -100.912
-19.772 -4.29138 -96.2645
-10.7017 0.649692 -110.799
-7.87669 -9.30984 -104.133
-9.92095 3.81862 -101.591
-11.5403 -11.3827 -96.6204
-19.2127 -6.03076 -92.7843
-14.4159 -9.78538 -95.9237
-9.03373 0.915515 -99.0936
-21.3485 1.36037 -100.197
-17.6049 -7.01735 -95.9114
-9.44924 -10.7898 -100.632
-11.7268 3.83618 -111.416
-6.12628 -10.4787 -103.319
-20.0603 -2.89427 -98.1185
-19.8668 -1.02926 -100.882
-4.20839 -7.30939 -107.8
-11.5122 -1.57421 -109.193
-18.7936 -3.24902 -100.303
-4.73143 -7.06092 -107.911
-7.18652 2.41931 -103.143
-6.04169 -11.4821 -101.669
-12.6914 1.28949 -96.4397
-12.4413 -9.60068 -99.7876
-18.7135 2.55619 -105.134
-12.1655 3.3052 -111.011
-5.5002 -6.34245 -108.359
-20.0846 -2.13769 -99.1623
-9.26197 4.06529 -102.745
-17.8662 -6.31616 -97.0142
-15.164 -9.84884 -93.1577
-9.87314 1.97802 -99.3743
-12.8229 3.73092 -110.75
-21.9293 4.1099 -100.882
-8.20348 -8.60064 -104.881
-15.9961 -8.69427 -95.3844
-8.22399 -9.83618 -103.172
-21.9657 2.56094 -99.8135
-8.48953 -1.24276 -97.6965
-14.6916 -9.85129 -94.9277
-12.3432 -11.0821 -96.1159
-10.6199 1.37123 -98.0753
-16.6498 -8.67238 -92.8303
-12.9769 1.00911 -96.0133
-13.6627 -9.89704 -97.2074
-8.1466 -9.22119 -104.102
-9.03581 -3.40663 -95.7103
-11.6362 -0.869597 -109.526
-14.9633 -8.75453 -97.683
-9.37276 4.48905 -103.282
-14.2559 1.71255 -109.047
-5.15515 -3.5428 -110.595
-19.9514 -4.22105 -95.8328
-6.85032 -3.04217 -98.0022
-12.6652 -10.6072 -97.0232
-7.23441 -0.38724 -99.7651
-21.2531 0.252849 -99.365
-18.668 6.216 -106.47
-21.0944 0.318754 -99.7853
-13.272 3.78543 -110.483
-9.09706 -9.37884 -103.283
-8.49839 2.74679 -101.808
-7.27417 -6.14196 -107.921
-8.07517 1.62347 -100.912
-15.431 6.38865 -109.566
-6.50876 -2.90662 -98.4728
-15.8683 -9.2135 -93.6115
-5.51079 -1.62437 -111.646
-15.5116 -8.03017 -98.3105
-6.33866 -2.15276 -111.127
-16.4685 -8.8706 -92.5495
-9.88633 -3.44456 -95.015
-6.46456 0.010128 -112.19
-10.9857 3.60977 -100.216
-18.6337 -6.61078 -93.2905
-16.7998 -7.77141 -96.0331
-13.5061 2.11742 -109.749
-12.5867 2.33516 -110.428
-19.7447 -1.36508 -100.758
-19.6721 -2.85972 -99.0737
-20.9683 1.55458 -101.11
-15.0171 -9.71143 -94.4797
-11.4377 -9.73949 -100.691
-21.5203 4.19874 -101.718
-16.7693 5.56401 -108.256
-8.62796 -10.3882 -102.018
-6.67343 0.384722 -101.262
-20.9876 4.02384 -102.57
-9.89136 -11.2768 -99.1568
-7.65848 -9.19852 -104.401
-7.17166 -1.02266 -99.2507
-7.1653 -8.26346 -105.802
-8.486 -2.7738 -109.985
-16.4904 -8.81199 -92.8341
-7.70749 1.80588 -112.525
-4.03581 -9.44088 -105.486
-7.75595 -12.311 -98.7224
-8.87721 -12.014 -98.4091
-4.6249 -1.97347 -101.714
-10.0142 -3.23229 -95.0428
-5.36524 -7.42437 -107.377
-6.67887 -3.68557 -110.062
-19.2691 0.890616 -103.433
-11.6247 2.89996 -98.815
-19.2298 -0.0554544 -102.803
-7.71565 -3.79321 -109.616
-13.6154 7.3211 -103.45
-11.6164 -11.4569 -96.2284
-4.97737 -10.4769 -103.786
-13.1665 1.97538 -96.7484
-5.75015 -8.40079 -106.209
-9.37103 -1.12295 -110.567
-3.65146 -2.49039 -102.79
-4.5834 -6.31732 -108.626
-6.73673 -11.7475 -100.76
-5.08106 -12.1758 -100.782
-13.0442 4.50198 -110.827
-6.03867 0.341471 -112.452
-13.7226 2.97805 -109.921
-15.3461 5.35453 -109.418
-18.2719 0.945604 -104.797
-18.2263 -4.65943 -99.3669
-13.8609 -10.7397 -93.3995
-6.02395 -2.75439 -110.863
-10.9118 3.05557 -99.6128
-10.9383 1.27269 -110.943
-8.14957 -12.7332 -97.1134
-8.67 1.10051 -111.904
-20.6612 4.41624 -103.271
-10.5211 2.55159 -111.634
-7.83167 -9.91544 -103.288
-3.45503 -3.42012 -111.018
-11.031 2.0123 -98.3666
-22.0666 1.44273 -98.5989
-5.01469 -1.90952 -111.609
-3.93253 -7.93242 -107.235
-7.93195 -0.764547 -98.6523
-15.658 3.67803 -108.69
-9.92222 -1.62856 -110.025
-5.83791 0.337175 -102.395
-19.3855 1.40862 -103.603
-19.5302 3.33905 -104.444
-14.3539 -10.3954 -93.442
-12.6993 -1.2102 -108.654
-13.0961 2.48565 -97.2844
-22.3201 -0.349092 -95.3405
-9.88126 -1.37188 -96.3731
-16.5686 4.47345 -108.146
-8.13903 2.90085 -102.488
-11.1553 0.203937 -110.352
-5.58989 -5.7996 -108.8
-6.61361 1.32249 -102.478
-12.491 -8.39153 -101.86
-20.4977 0.202113 -100.881
-6.45 -10.4365 -103.231
-6.72789 -2.14585 -98.8086
-8.60038 0.22251 -111.557
-6.31209 -1.51571 -99.8279
-12.4114 2.77462 -98.0632
-9.26363 4.3536 -103.206
-18.3705 4.56344 -106.349
-21.0657 -2.51391 -95.8111
-13.467 0.94261 -109.269
-9.8066 1.35384 -98.7859
-9.91955 -0.625498 -110.573
-18.5876 2.41995 -105.22
-6.60134 0.555942 -112.386
-12.3492 -11.1323 -95.921
-6.89646 -4.60181 -109.331
-12.9545 -9.12053 -100.069
-16.1877 6.31327 -108.93
-20.1902 3.87464 -103.752
-16.414 6.22086 -108.717
-17.4522 5.26424 -107.527
-7.38183 -12.7356 -97.8992
-13.4574 7.39185 -103.75
-21.845 2.01085 -99.6497
-7.90449 -2.81929 -97.0935
-12.3428 -8.83898 -101.296
-19.6287 -3.35693 -98.421
-8.307 2.28529 -112.481
-5.32538 -5.69122 -108.966
-7.99285 -0.794442 -111.305
-22.7278 3.2736 -98.484
-5.10236 -0.277786 -102.808
-8.82334 3.13517 -101.936
-10.6769 3.64044 -111.899
-20.3948 -4.28825 -93.7127
-12.3652 -8.94274 -101.096
-18.9398 6.77776 -106.273
-20.3938 1.44714 -102.06
-11.9819 -9.6369 -100.273
-14.6043 -9.31721 -96.9299
-18.2915 0.435355 -104.448
-7.65316 -12.2868 -98.8714
-7.12127 -9.18787 -104.684
-21.3112 2.95959 -101.422
-9.34912 -10.1956 -101.803
-20.8065 -2.47022 -96.7714
-13.3316 -8.78066 -100.216
-20.6656 1.42284 -101.568
-10.7345 2.79383 -111.61
-8.40187 -1.43433 -97.6309
-5.16319 -5.23417 -109.377
-9.61434 -11.5339 -98.8381
-11.1276 2.45599 -98.7505
-6.13755 -0.393955 -101.14
-21.252 4.88866 -102.499
-15.8784 3.74958 -108.526
-19.6415 0.70874 -102.749
-11.5185 3.96132 -100.169
-7.28665 0.237257 -100.329
-13.3111 1.22472 -109.505
-5.65173 -1.03577 -111.913
-9.92531 -2.54808 -109.461
-8.25246 -2.77821 -96.7957
-14.077 3.89212 -109.971
-5.40545 -8.26692 -106.474
-5.53025 -10.6779 -103.265
-21.7253 0.697246 -98.6979
-7.395 -1.40912 -111.199
-19.9636 2.51588 -103.413
-14.3247 1.06479 -108.7
-20.9532 5.83577 -103.323
-9.454 -9.96916 -102.103
-6.46269 -0.786941 -111.815
-9.13069 -12.3475 -97.1515
-4.31047 -1.88165 -111.772
-8.31482 -11.2105 -100.737
-14.8275 -9.10345 -97.049
-4.42884 -1.92403 -111.725
-20.8477 -0.692834 -99.2448
-19.3796 -5.63735 -93.7206
-3.47196 -2.03477 -103.611
-13.4728 0.045757 -108.82
-6.80157 -11.0753 -101.991
-12.5138 2.60846 -97.8167
-16.6507 6.07556 -108.476
-17.967 4.61725 -106.808
-18.7972 2.6585 -105.076
-4.84945 -1.55828 -101.788
-17.4557 6.60682 -107.824
-3.98221 -6.85356 -108.279
-8.40435 2.99101 -102.267
-18.6123 7.00459 -106.687
-10.2828 2.58461 -99.6586
-16.7552 -7.71966 -96.3012
-17.5629 -7.7051 -93.4656
-18.7387 4.62279 -105.944
-10.4187 2.23551 -99.1416
-9.5472 -8.73829 -103.874
-13.3227 3.01339 -97.6678
-3.9641 -9.04472 -105.987
-4.19212 -8.68822 -106.347
-9.41038 1.1952 -99.0058
-9.52356 1.4941 -111.705
-10.0111 4.4709 -102.451
-8.56744 -10.6974 -101.517
-21.0598 2.13233 -101.353
-9.51547 3.06432 -112.255
-18.9998 -6.29324 -92.6995
-18.7047 -5.91569 -95.5771
-7.71897 -10.8614 -101.813
-18.6423 -2.93017 -100.96
-21.7782 4.46305 -101.356
-20.9182 -2.84306 -95.6184
-18.7877 0.553406 -103.875
-8.01651 -2.52114 -97.1938
-8.56922 -0.40379 -111.275
-8.6305 -9.55835 -103.326
-5.46991 -0.296165 -102.209
-7.12195 -10.912 -102.092
-12.2194 0.0707124 -95.7449
-9.42525 -0.872238 -97.1395
-18.054 -6.96661 -94.5046
-13.2093 2.0469 -96.7896
-3.35755 -8.2254 -107.043
-8.68351 -11.3689 -100.111
-12.6813 1.86864 -96.9746
-7.35577 -5.92408 -108.079
-13.4677 6.39586 -101.944
-2.63508 -7.08894 -108.297
-6.52265 -0.534876 -111.919
-11.4759 2.84588 -98.8817
-7.70691 -12.1303 -99.2112
-20.0421 6.6189 -104.856
-8.55129 -10.7926 -101.355
-19.6734 -2.24135 -99.8872
-11.5943 4.43441 -100.724
-21.659 -1.46046 -95.7883
-7.24835 -8.95512 -104.922
-6.22909 -3.30729 -98.5026
-10.4691 -11.9782 -96.4262
-18.3538 -6.47015 -95.1053
-8.49786 -4.69999 -108.61
-16.8848 4.78012 -107.941
-20.5697 0.326967 -100.853
-13.9723 -9.85693 -96.6942
-3.01334 -5.38944 -109.694
-15.1077 4.49448 -109.382
-7.23761 -2.04396 -110.9
-6.65729 -7.60147 -106.743
-9.64977 -2.55857 -95.7437
-22.155 4.96584 -100.842
-11.3959 -0.677019 -95.7389
-11.0598 -2.86703 -108.626
-21.5227 4.19228 -101.706
-19.0322 -3.89004 -98.9158
-6.49768 0.429926 -101.555
-6.82743 -9.89208 -103.858
-11.273 0.812073 -97.0358
-14.7646 -9.88642 -94.5319
-8.42617 -4.59994 -108.721
-3.52819 -10.6263 -103.995
-15.7085 7.22663 -109.475
-21.8873 4.30017 -101.06
-10.2184 4.2187 -101.834
-11.4411 1.90809 -97.9291
-9.47885 2.63347 -112.132
-16.5202 -7.93991 -96.2945
-17.2477 -7.39949 -95.8384
-13.7041 2.96923 -109.928
-22.5473 1.61784 -97.4272
-12.4008 2.7451 -98.0426
-5.14602 -0.47737 -102.504
-11.1702 4.99 -111.998
-3.05464 -10.0709 -104.885
-13.3342 3.60394 -98.2961
-13.1133 -10.7358 -95.6701
-7.96966 -10.5908 -102.119
-4.64293 -5.6318 -109.187
-4.63262 -2.64911 -101.077
-11.897 -9.43625 -100.741
-3.54225 -2.41002 -103.072
-5.44009 -1.1376 -101.346
-12.7959 1.23924 -96.3308
-10.0183 4.38972 -102.32
-11.8996 1.51916 -110.515
-21.9667 -1.24241 -94.9826
-6.72629 0.621389 -101.465
-8.81505 -12.6342 -96.6114
-9.16683 -9.42852 -103.157
-3.52217 -2.61635 -102.894
-6.20921 -1.23795 -111.659
-11.3857 1.16373 -97.2652
-17.9768 -7.40916 -92.7373
-4.64432 -4.07157 -110.356
-16.2015 -8.79693 -94.2658
-10.4226 3.33972 -111.931
-5.13339 -0.897813 -102.052
-11.138 -11.7217 -96.1698
-4.86699 -7.83714 -107.096
-7.01451 2.24544 -103.155
-3.95831 -2.02699 -102.746
-20.8058 2.98604 -102.334
-6.96536 -2.05011 -98.623
-19.7041 5.83109 -105.11
-10.9337 2.14697 -98.5918
-9.18699 3.65403 -112.562
-18.5937 0.369208 -104.008
-19.1736 -4.95876 -96.5534
-7.52331 -5.39484 -108.464
-11.6951 -9.45601 -100.925
-18.355 -0.458222 -103.73
-16.6151 -8.74218 -92.5166
-8.40093 -0.754708 -98.1879
-20.3557 -3.0831 -96.9823
-11.8027 1.78679 -110.678
-8.17273 -4.0914 -109.214
-5.41563 -1.12776 -101.391
-8.19729 -11.7241 -99.7448
-18.4442 -0.208867 -103.796
-14.1218 5.57007 -110.368
-21.4658 -1.19341 -96.9275
-10.1371 3.82424 -101.366
-5.89196 0.530599 -102.556
-14.9087 -8.59687 -98.1515
-8.39395 -2.18761 -110.381
-10.8374 -8.65836 -103.007
-11.026 -1.19957 -109.688
-18.5885 -2.1802 -101.87
-4.87052 -4.59469 -109.932
-6.05897 -1.43898 -100.219
-11.6153 -1.64917 -94.9052
-20.2677 2.43237 -102.895
-9.35967 -3.86743 -108.835
-19.4415 -4.33239 -97.1408
-8.97614 -9.59823 -103.034
-7.93168 -3.13826 -109.972
-10.5401 -10.6268 -99.8924
-18.89 3.0544 -105.143
-6.88161 -9.02151 -105.006
-20.8049 -2.03284 -97.5234
-21.1409 -2.56906 -95.3863
-17.0697 5.72978 -108.011
-19.2216 2.20917 -104.293
-20.9311 1.19692 -100.895
-13.2904 3.18712 -97.8746
-13.4421 -1.98386 -93.5951
-13.5558 0.164386 -108.82
-3.44091 -8.81926 -106.365
-5.43277 -2.55363 -100.054
-20.1071 0.310269 -101.675
-9.90653 1.01124 -111.337
-17.2587 4.46423 -107.484
-6.29159 -0.148003 -112.164
-11.1654 -11.687 -96.2399
-15.6031 5.57957 -109.261
-8.79487 -11.0878 -100.593
-18.611 5.83708 -106.44
-4.69015 -10.4648 -103.897
-7.61579 -5.16434 -108.615
-7.51205 -2.38032 -97.7944
-13.4534 6.35611 -101.894
-13.2605 -10.2868 -96.8436
-9.92989 1.1408 -98.4649
-20.3951 -2.67126 -97.6011
-12.5737 3.07896 -98.2708
-19.2897 1.77447 -103.955
-18.421 -0.773576 -103.392
-3.49001 -4.5459 -110.247
-18.2103 1.31478 -105.085
-6.72357 -1.1074 -111.573
-19.9297 -3.31482 -97.7392
-6.66085 -1.71443 -111.271
-15.6451 -9.09821 -94.955
-8.82573 -1.32976 -110.69
-11.5267 -9.86333 -100.351
-13.6083 -10.6549 -94.6985
-15.7352 6.61402 -109.357
-11.3342 3.08817 -99.2787
-11.6466 1.53972 -97.4158
-6.16814 -11.3399 -101.855
-11.7895 -11.5585 -95.4847
-8.22918 -2.73659 -110.111
-6.84207 -0.791763 -99.8511
-5.72422 -4.09695 -110.065
-7.08514 -10.7345 -102.412
-10.84 1.82304 -111.209
-9.21849 3.29161 -101.679
-2.66907 -5.98577 -109.26
-8.1268 -8.44726 -105.106
-20.7208 3.38808 -102.691
-10.8025 -11.6522 -96.9618
-17.8983 4.67622 -106.895
-6.00715 -8.39694 -106.116
-4.4279 -9.53782 -105.251
-8.76394 -4.72384 -108.466
-2.91176 -3.58796 -103.043
-18.476 -5.66497 -96.9003
-21.4344 5.10803 -102.265
-12.7722 1.33836 -96.4352
-14.8143 5.60906 -109.878
-8.16121 1.82096 -101.052
-9.32878 -1.65467 -96.6317
-9.68801 -11.8526 -97.9109
-9.31332 -2.90453 -109.526
-8.63413 -0.337652 -98.3207
-14.084 1.55813 -109.102
-22.2958 0.640352 -97.0059
-15.4905 -8.09011 -98.2053
-11.2726 -2.53268 -94.5727
-8.35681 2.6003 -112.563
-7.9855 -1.70806 -110.818
-9.05728 1.91709 -100.145
-5.8739 -5.4129 -109.029
-4.00921 -9.75253 -105.086
-4.87413 -9.41821 -105.27
-10.5155 -3.80502 -108.264
-10.1421 2.77867 -100.026
-4.81549 -2.68419 -111.207
-22.4675 2.91238 -98.871
-6.59789 -2.02455 -111.116
-8.66145 3.64019 -102.888
-4.15927 -10.5724 -103.901
-19.5411 -5.12214 -94.8414
-5.03701 -1.54443 -101.526
-7.61888 -3.8618 -109.6
-10.0799 -9.35572 -102.583
-11.807 6.34899 -103.542
-6.43402 -11.272 -101.836
-13.5977 0.675696 -109.045
-15.8198 2.57144 -108.138
-18.1238 -7.28684 -92.5075
-15.2933 -9.78935 -92.8447
-13.316 -9.21178 -99.3884
-20.7688 2.30527 -101.985
-11.1325 -9.27489 -101.797
-11.0447 -11.4441 -97.2241
-9.89969 -8.9874 -103.27
-21.5908 4.25063 -101.603
-5.52183 -6.29089 -108.391
-22.8045 2.22091 -97.2805
-18.9299 -5.83148 -95.0043
-7.45041 -3.26278 -110.071
-19.5455 -5.05638 -95.0266
-10.3573 2.42384 -111.664
-20.5386 6.67985 -104.169
-12.8895 1.69902 -96.6816
-11.3594 2.20516 -98.2986
-15.3159 -8.31311 -98.0329
-18.4916 -1.85158 -102.342
-10.8522 -9.52298 -101.647
-18.567 -5.23392 -97.5896
-18.7089 -4.8692 -97.9579
-10.5627 -2.86064 -108.912
-13.1073 -3.41247 -92.9694
-12.897 -1.99821 -93.8911
-22.5843 2.96427 -98.608
-10.4474 -12.2409 -95.4614
-17.4748 -7.31533 -95.3782
-18.3698 6.17515 -106.785
-8.39026 -9.93071 -102.912
-18.5652 -0.923791 -103.064
-19.4115 5.36785 -105.351
-21.8948 -0.590564 -96.5018
-11.8114 0.528145 -96.3995
-19.6493 -3.64906 -97.8707
-13.0039 6.50704 -102.565
-13.1386 -2.76171 -93.3066
-15.1899 6.92142 -109.834
-19.8767 -3.56649 -97.4254
-19.9664 -2.23947 -99.2711
-13.4907 -2.64266 -93.185
-9.16607 -2.48599 -109.862
-10.6776 5.0561 -102.602
-19.5967 6.50874 -105.41
-21.1766 4.85004 -102.603
-10.71 -8.88279 -102.781
-14.8486 -8.78329 -97.8176
-11.6023 1.98846 -110.866
-8.58056 3.60438 -102.945
-12.948 3.18781 -98.1179
-18.5797 -5.36801 -97.2771
-13.0493 3.00136 -110.369
-7.20673 0.0558034 -100.245
-19.4839 -4.55605 -96.5331
-16.9383 4.54372 -107.816
-12.1507 -11.5769 -94.519
-18.3689 -6.17149 -95.9348
-12.318 0.276345 -95.8466
-6.65622 -4.55168 -109.446
-14.1699 -10.0355 -95.6392
-12.5776 1.53315 -96.7413
-18.3264 0.153804 -104.206
-11.1034 1.19837 -110.82
-18.6503 -5.16025 -97.5298
-5.01527 -2.01736 -101.103
-9.6843 -0.572785 -110.705
-3.75304 -3.02817 -111.207
-4.13272 -3.35306 -101.216
-4.84489 -5.657 -109.113
-10.886 4.65415 -112.057
-19.7763 -5.09893 -93.8258
-13.2518 -9.82831 -98.0955
-5.76696 -6.2032 -108.393
-21.0793 2.08068 -101.271
-7.05901 -1.71233 -98.7965
-11.5535 4.466 -100.812
-7.80188 -10.4978 -102.376
-14.8971 3.41089 -109.206
-16.565 -7.88936 -96.3071
-4.762 -5.76125 -109.048
-11.8886 5.85894 -102.588
-11.322 -1.00999 -95.5519
-10.1194 -0.157666 -110.705
-6.50566 -10.4555 -103.165
-22.4847 3.58294 -99.3199
-6.50562 -4.39211 -109.614
-10.4478 -11.5376 -97.8071
-9.25635 -3.54873 -109.111
-5.90591 -5.51404 -108.935
-17.9933 -6.58788 -95.9344
-20.7322 -1.30328 -98.7527
-11.1289 -2.87579 -108.574
-11.0816 -0.966567 -95.7555
-22.098 0.839745 -97.8461
-16.9358 -8.19178 -94.0051
-21.9106 -1.30994 -95.0606
-9.45593 -11.2802 -99.5824
-4.85301 -9.60716 -105.03
-10.2165 -2.69097 -95.2269
-20.5038 3.1117 -102.893
-10.4834 4.38928 -112.186
-17.8249 4.83175 -107.017
-13.2182 1.62316 -109.734
-16.4755 4.47518 -108.224
-9.11097 2.48573 -100.762
-20.2467 -3.17874 -97.1083
-6.48093 -6.18669 -108.171
-10.3458 -9.29944 -102.45
-8.24942 -0.705414 -98.3867
-4.47727 -1.55809 -102.384
-11.1674 4.27613 -111.822
-8.48014 -12.0342 -98.7404
-9.93217 -8.82304 -103.475
-18.4157 -6.898 -92.9836
-5.28494 -0.812723 -101.921
-19.5694 -2.261 -100.057
-7.42346 -12.4421 -98.6534
-7.54111 2.63205 -102.946
-18.1362 -6.93736 -94.2462
-5.99931 0.619914 -102.51
-20.1507 -0.845488 -100.52
-18.1109 1.5308 -105.32
-4.46849 -3.51521 -110.762
-6.43484 -8.97083 -105.259
-10.1877 3.72364 -112.147
-4.42513 -11.6674 -102.02
-12.3704 4.0189 -99.5154
-7.78603 -4.2162 -109.276
-9.94523 -1.53519 -110.059
-19.1147 7.21382 -106.136
-18.3364 -0.335494 -103.839
-3.09703 -9.39419 -105.742
-9.3539 0.278236 -111.261
-9.36166 -1.26318 -96.8983
-18.2749 4.72637 -106.498
-10.6546 -3.2955 -108.555
-15.3048 3.25058 -108.825
-4.35959 -3.09868 -101.095
-18.9356 -0.132647 -103.164
-4.55067 -0.570542 -103.397
-18.1411 -6.58103 -95.4764
-21.6168 -0.187229 -97.9272
-4.29793 -2.84544 -101.409
-21.4847 3.16509 -101.205
-19.6433 2.72613 -103.979
-21.7696 2.63647 -100.281
-12.5852 1.20193 -96.4436
-10.9922 -11.3278 -97.6327
-11.6641 3.14071 -99.0629
-8.57061 -2.32714 -96.8228
-15.3801 -8.95457 -96.185
-5.8368 -12.3816 -99.9249
-16.2682 -8.8335 -93.7858
-12.7354 -9.10614 -100.356
-19.578 -3.63152 -98.071
-19.0198 -1.07984 -102.247
-5.15171 -11.4071 -102.2
-7.75126 -8.83814 -104.81
-13.4243 -10.878 -94.1816
-8.48192 2.9887 -102.175
-10.2416 -3.21919 -94.8904
-10.4474 3.36994 -100.451
-7.90386 1.32348 -100.782
-5.1791 -3.2871 -110.746
-8.55587 0.0887516 -111.506
-18.942 -4.15129 -98.6785
-10.1992 2.52928 -99.6852
-17.7819 3.51209 -106.609
-11.7424 2.30885 -110.904
-7.4358 2.40258 -112.812
-18.5521 -6.53801 -94.0037
-8.17935 2.0351 -101.298
-4.28189 -11.7347 -101.946
-21.3551 2.13388 -100.771
-12.3207 -0.851575 -109.103
-20.8932 -2.56562 -96.2808
-7.64855 -2.8901 -97.3022
-5.16486 -0.107781 -102.927
-18.5224 -2.39178 -101.745
-18.8922 -5.4063 -96.3093
-19.186 -5.60882 -94.6983
-5.92929 -12.3792 -99.8748
-8.59489 3.62468 -102.961
-12.5237 -1.14254 -108.802
-10.7788 0.952389 -97.5603
-21.5325 1.52227 -99.9194
-6.61534 -1.46295 -99.5192
-6.16595 -0.0133761 -112.255
-7.46926 2.2047 -102.447
-7.96052 -11.0704 -101.254
-5.92988 -1.46545 -100.369
-8.51238 2.18725 -112.363
-15.247 -9.54633 -94.3799
-13.0448 0.920005 -95.9066
-5.60195 -11.4061 -102.003
-7.76019 -9.80048 -103.486
-20.4215 -4.08025 -94.2812
-18.7182 3.52326 -105.549
-7.27458 2.26174 -102.804
-20.1532 4.26912 -103.96
-16.0649 3.71256 -108.343
-6.84883 -8.92304 -105.137
-21.1664 4.86771 -102.621
-21.5761 0.215639 -98.5218
-8.94812 -12.1729 -97.8718
-3.41105 -3.39686 -102.343
-8.99496 -0.0349912 -98.2455
-21.6953 -1.17908 -96.1662
-18.9563 4.93003 -105.773
-11.9219 -11.0011 -97.122
-11.4859 2.85268 -98.891
-8.85258 -8.85136 -104.163
-21.6315 1.81604 -99.9466
-6.38597 1.1507 -102.608
-5.9606 -8.14007 -106.414
-11.2337 -3.09743 -108.352
-12.2703 3.10329 -110.875
-20.3728 4.78329 -103.838
-3.30344 -5.74584 -109.356
-20.4053 0.54271 -101.33
-14.3225 3.86264 -109.777
-12.9216 5.87479 -111.201
-16.8377 6.27004 -108.336
-22.6637 2.22272 -97.7016
-11.701 -1.16822 -95.1825
-14.2284 4.56291 -110.045
-6.75034 -9.91074 -103.857
-8.63731 -1.91969 -110.431
-11.7529 1.98182 -97.7674
-20.0072 3.99323 -104.054
-10.0113 -11.6582 -98.0306
-10.2534 -1.18041 -110.102
-19.9154 3.41702 -103.929
-13.047 4.36546 -99.4116
-13.5158 6.84711 -102.684
-4.5222 -1.39274 -102.494
-13.4171 4.69271 -99.5424
-8.47063 0.0450133 -98.8381
-13.6967 6.83554 -102.498
-7.61899 0.598507 -112.073
-9.84629 3.9514 -112.359
-2.78506 -5.26043 -109.817
-9.64954 -9.38667 -102.859
-5.5474 -5.49832 -109.05
-22.143 3.90326 -100.297
-17.2135 -7.39318 -95.9302
-8.2512 -4.98424 -108.484
-12.8424 5.28232 -100.797
-9.52347 -1.0931 -96.8927
-13.176 -3.05644 -93.128
-18.7448 4.50821 -105.885
-7.95393 -12.3481 -98.4163
-4.61064 -2.02909 -101.699
-19.6353 -5.4594 -92.9737
-18.2376 -6.10582 -96.4832
-6.45935 -1.72434 -99.4815
-21.6613 3.7935 -101.22
-19.1086 -5.94336 -93.7727
-10.5454 -2.58583 -109.099
-13.5846 4.24717 -110.4
-14.6692 -8.27746 -99.2256
-20.139 -4.08796 -95.4513
-9.90211 -2.7848 -109.308
-20.5997 3.58424 -102.974
-2.87746 -7.86821 -107.489
-7.38576 0.513035 -100.513
-19.3056 -5.54654 -94.3885
-9.56368 1.97372 -99.6908
-6.76908 -0.251871 -100.478
-5.31763 -5.59482 -109.035
-8.90494 -8.91823 -104.038
-21.4497 -2.56357 -93.9235
-21.4676 3.94202 -101.665
-21.962 1.73164 -99.1085
-5.69599 -4.66209 -109.657
-7.90169 -4.52319 -108.995
-18.6221 -6.17182 -95.0469
-9.4706 -10.8495 -100.47
-16.9074 4.29698 -107.763
-5.21583 -9.08206 -105.571
-10.7767 -0.492238 -96.3448
-10.8016 3.06709 -99.7438
-21.0798 3.82414 -102.297
-13.2285 -8.47601 -100.866
-6.66021 -4.39473 -109.555
-10.4961 -12.1151 -95.8484
-10.4795 -1.68696 -95.6935
-6.97092 -8.71313 -105.339
-5.50669 -12.5007 -99.8322
-21.3005 -2.7589 -94.1054
-4.16682 -9.54501 -105.303
-15.9163 2.55266 -108.037
-19.076 -2.89069 -100.21
-5.78493 -7.71241 -106.932
-19.3556 1.78836 -103.859
-12.1611 2.97398 -98.4811
-4.09442 -2.27942 -102.273
-6.0038 -0.626229 -101.096
-4.11175 -8.28698 -106.801
-16.3549 -8.01176 -96.4878
-21.7518 0.157819 -97.9801
-8.54496 3.42251 -102.726
-6.17888 -6.18796 -108.268
-21.3248 2.98728 -101.393
-12.8756 4.02742 -99.1329
-7.17759 -12.1948 -99.4545
-8.00865 -1.84283 -97.7101
-22.3136 -0.183069 -95.6353
-8.07279 -1.68807 -110.787
-2.56167 -7.92227 -107.479
-17.806 3.78649 -106.682
-5.49603 -11.7083 -101.489
-11.7239 -0.80991 -109.492
-16.206 -8.52093 -95.3025
-11.4477 -10.4854 -99.128
-6.46955 -2.62547 -98.7438
-21.8268 2.82666 -100.283
-12.0994 0.131279 -95.8848
-6.24862 -1.78702 -99.6847
-7.21635 0.938723 -112.344
-11.1553 -2.50656 -94.6764
-10.1575 -11.6776 -97.7835
-6.42091 -1.54014 -99.69
-15.4843 -8.24891 -97.833
-20.4953 -1.64227 -98.8547
-18.3472 5.39738 -106.609
-16.4781 -7.99554 -96.21
-5.40623 -1.01845 -111.972
-4.51455 -11.5462 -102.194
-4.43613 -7.63873 -107.401
-11.069 -11.866 -95.7251
-19.2413 -1.64485 -101.333
-20.7373 -1.99957 -97.7351
-8.34709 2.24485 -112.44
-9.3338 -0.502613 -110.892
-19.8985 -4.10342 -96.2406
-12.4657 2.32883 -110.485
-11.8237 -1.27342 -109.167
-9.62603 -3.15957 -95.3985
-21.0703 -2.5685 -95.6251
-22.7965 2.33393 -97.4015
-18.5417 0.677597 -104.267
-14.3574 1.13306 -108.693
-7.09439 1.45462 -101.987
-21.1693 3.32984 -101.876
-12.2899 3.14052 -98.5652
-8.20226 -3.43619 -109.653
-16.4419 6.79743 -108.782
-8.28875 -1.18727 -97.9531
-8.99547 -3.57978 -109.204
-4.04804 -2.36373 -111.54
-10.2918 -11.6612 -97.6479
-9.63683 -1.18005 -110.4
-18.8011 0.76446 -103.979
-8.70208 -3.38592 -109.472
-6.48135 0.514971 -101.694
-18.3898 1.90119 -105.177
-4.35101 -6.66235 -108.357
-22.5251 0.74964 -96.3494
-9.80272 -9.92693 -101.871
-11.1477 2.59592 -98.9016
-7.60556 -0.177582 -111.729
-9.12884 3.71606 -112.592
-10.3792 -11.5676 -97.7951
-19.5769 -4.91297 -95.2924
-10.2702 -3.37346 -108.707
-8.93585 -0.541002 -97.8675
-13.8093 6.74113 -110.782
-18.6777 -2.12368 -101.767
-7.55428 1.0299 -100.882
-12.2761 -11.2025 -95.7669
-8.9538 1.76799 -100.102
-4.09008 -7.73434 -107.386
-11.2121 2.23137 -98.459
-20.9531 2.14587 -101.535
-5.54177 -10.9944 -102.729
-20.4661 0.923925 -101.52
-12.6785 -9.90694 -98.7738
-13.3377 -10.8416 -94.5963
-10.3007 2.89182 -100.019
-13.2494 2.70308 -110.126
-10.079 -9.53082 -102.292
-8.75846 2.92694 -101.753
-21.8806 -0.703642 -96.3323
-12.2013 5.28544 -101.383
-8.99479 4.20339 -103.348
-11.6491 -11.3201 -96.5826
-7.97583 -8.14104 -105.536
-5.56687 -2.4808 -99.9569
-7.43918 -11.4042 -100.96
-20.6163 -2.88941 -96.5186
-14.4541 2.65992 -109.264
-6.28766 -10.3397 -103.432
-15.0936 3.72799 -109.147
-7.99186 -0.864045 -111.255
-12.3818 -1.51737 -94.5135
-16.0296 -9.0686 -93.5748
-19.8977 3.92742 -104.174
-12.0644 -2.34352 -108.341
-7.11599 0.132847 -100.448
-4.40788 -2.7845 -101.309
-13.1573 -10.2067 -97.237
-3.30204 -8.10116 -107.168
-5.90424 -1.66285 -100.231
-11.4784 3.94169 -100.2
-9.96639 -0.968336 -96.6228
-12.7864 -9.87413 -98.6894
-9.33157 -11.7373 -98.6017
-21.6224 3.69363 -101.231
-8.17217 0.322064 -99.4245
-19.1252 -5.2247 -96.0123
-5.20959 -12.3537 -100.31
-13.1147 5.88338 -101.462
-21.1821 5.46961 -102.809
-5.02747 -6.37245 -108.446
-7.56167 2.79019 -103.166
-16.6734 3.35409 -107.655
-4.01156 -9.76708 -105.05
-21.6862 2.03268 -99.9886
-11.8162 1.42173 -110.509
-12.0713 -0.808662 -95.1984
-20.6626 5.43816 -103.623
-16.1998 -8.94662 -93.4467
-8.9896 -3.23887 -95.869
-16.7789 3.72045 -107.687
-8.79969 -1.71101 -110.476
-11.9778 -0.635273 -95.3857
-19.8515 4.70535 -104.541
-6.43245 -8.35193 -105.988
-18.697 2.23035 -104.966
-12.2199 0.451776 -96.0658
-7.81607 0.299223 -99.7961
-15.8564 3.80248 -108.545
-7.2172 1.37212 -112.509
-15.7574 3.04351 -108.362
-14.6266 5.72418 -110.028
-3.38883 -5.24965 -109.727
-9.80904 1.42655 -111.537
-13.3759 4.98338 -110.719
-13.0487 5.62772 -111.068
-14.3686 1.11103 -108.67
-7.74095 2.25431 -102.155
-11.3644 -2.80146 -108.472
-15.1364 3.80024 -109.135
-11.0253 2.93936 -99.3977
-12.4867 1.4715 -110.13
-10.7241 -10.0577 -100.801
-5.56575 0.0629101 -102.509
-21.279 0.174689 -99.1813
-11.8643 3.86377 -99.763
-12.5298 5.5817 -111.369
-20.5761 1.77944 -101.949
-12.5419 0.769513 -96.1139
-18.7208 -0.306805 -103.32
-20.8291 2.09075 -101.716
-13.8184 -9.10922 -98.8242
-14.1382 -9.15715 -98.1872
-8.91572 -3.2468 -109.467
-15.9022 4.64751 -108.763
-21.6925 5.93948 -102.083
-4.57543 -10.5547 -103.779
-15.4146 5.48317 -109.375
-7.72242 -1.86595 -110.814
-20.1247 -3.13209 -97.5024
-10.2802 -3.20974 -108.813
-16.0393 -8.12031 -96.944
-7.09057 0.349205 -100.712
-19.764 0.355099 -102.26
-14.2112 6.72847 -110.503
-9.69787 -8.86107 -103.574
-7.38574 -2.28557 -110.691
-14.5549 -9.75349 -95.6089
-17.7643 -7.49444 -93.4028
-9.77115 -1.95952 -109.885
-8.13158 -10.3937 -102.317
-11.9192 -10.1029 -99.3628
-21.577 -0.853421 -97.0741
-15.0317 5.96689 -109.774
-9.3491 -3.47294 -109.107
-4.24255 -1.60027 -102.747
-22.1487 0.562336 -97.3233
-6.14093 -4.3571 -109.742
-3.61112 -3.25089 -111.081
-7.83448 0.77569 -112.065
-8.96767 -8.22379 -104.883
-20.2537 -4.61885 -93.0163
-9.85171 -10.5913 -100.617
-20.2836 0.240042 -101.277
-11.81 2.22476 -97.9769
-11.9784 -1.60388 -108.866
-19.6256 -4.0522 -97.1456
-9.7427 4.67712 -103.145
-10.3449 2.39385 -99.4082
-20.3969 -3.41191 -96.1288
-6.35701 0.948349 -112.598
-20.4855 -3.81259 -94.7779
-17.8809 4.08938 -106.702
-22.5487 4.09936 -99.4728
-5.16303 -0.00034535 -103.082
-15.8088 -8.85558 -95.2942
-20.3663 6.61835 -104.381
-4.39268 -2.45758 -111.415
-13.3669 -10.0593 -97.2527
-8.84285 -8.96657 -104
-11.9146 -0.203483 -95.756
-16.3022 3.0547 -107.882
-19.3231 1.07864 -103.451
-20.7149 -3.67628 -94.1214
-8.68659 2.36906 -112.348
-17.9078 6.24649 -107.275
-5.87533 -3.89317 -110.147
-9.16993 -9.37871 -103.2
-5.95998 -10.7485 -102.936
-19.6086 0.612637 -102.698
-5.11805 -4.24008 -110.108
-21.923 1.02079 -98.489
-6.16085 0.0721997 -112.283
-9.12136 -10.4295 -101.539
-11.6973 -0.395674 -109.723
-11.5951 4.45382 -100.776
-20.8231 -2.22142 -97.1081
-12.9654 -11.0739 -94.5729
-18.721 -6.56457 -92.8543
-4.87508 -5.45219 -109.257
-13.2744 0.994322 -109.405
-20.4789 -0.99009 -99.6726
-22.1053 1.99218 -98.9703
-22.5298 3.1504 -98.8613
-14.3091 3.3647 -109.616
-12.0524 4.77316 -100.794
-12.3367 -10.0359 -98.9498
-21.8529 -1.19072 -95.5033
-21.6997 -0.946289 -96.5206
-7.95081 -10.4124 -102.398
-12.9108 1.5321 -109.883
-5.66511 -4.93809 -109.447
-13.4245 3.16158 -110.163
-12.3826 6.40188 -103.033
-20.0579 -3.19694 -97.5585
-8.99816 -1.28413 -110.624
-5.52765 0.218339 -102.766
-6.24729 0.260147 -112.341
-9.98176 -10.7001 -100.272
-20.352 -4.41805 -93.2969
-2.69804 -8.72187 -106.588
-8.46079 0.0639736 -111.519
-20.136 1.5144 -102.499
-10.134 -2.72117 -109.219
-20.1015 2.31079 -103.053
-14.7604 -8.92137 -97.6024
-4.05018 -8.17038 -106.929
-7.70256 1.20819 -100.914
-8.4262 0.260049 -111.621
-21.0435 2.02943 -101.273
-20.403 -2.49222 -97.8236
-18.8389 1.33844 -104.278
-8.80029 0.118757 -98.5902
-6.61196 -1.63614 -99.391
-9.16411 -9.09914 -103.604
-13.1783 -8.67216 -100.566
-11.1046 -11.9953 -95.0828
-3.56333 -8.08594 -107.126
-4.70237 -7.03505 -107.916
-14.8998 -9.65821 -94.9816
-17.4338 -7.44315 -95.015
-9.0633 -9.85201 -102.549
-13.6662 4.2109 -110.324
-5.02427 -12.0579 -101.006
-16.6196 -8.70987 -92.5616
-21.4132 -1.70492 -96.134
-21.6771 3.91256 -101.231
-7.0848 -0.408398 -99.953
-15.0077 6.96852 -109.961
-21.0167 -2.85845 -95.1038
-9.69256 -11.1762 -99.5424
-10.5134 -9.35969 -102.186
-17.945 4.51688 -106.772
-17.3308 -8.00885 -92.869
-11.1096 0.848513 -97.2189
-20.9072 -2.35676 -96.5956
-16.2447 -8.64965 -94.6395
-18.7685 -2.41407 -101.294
-3.92417 -1.56218 -103.355
-10.2936 3.98793 -112.155
-5.64347 -0.395653 -101.871
-21.9966 5.06889 -101.168
-5.60518 -12.0428 -100.754
-9.07516 4.00737 -102.939
-15.6822 -9.45297 -92.9116
-11.9761 -0.429204 -95.548
-20.8495 -1.63284 -97.9608
-8.36622 -9.33085 -103.783
-5.25699 -10.3546 -103.828
-10.5576 -2.74377 -108.973
-17.9898 5.01247 -106.875
-6.79505 -7.82485 -106.421
-18.6689 -6.55907 -93.1912
-12.0323 5.6056 -102.055
-12.922 0.123602 -95.3602
-11.5144 5.1551 -101.876
-4.57378 -1.71206 -102.095
-20.3268 6.36807 -104.371
-10.6472 5.34546 -103.151
-13.7781 7.29682 -103.289
-15.5017 -9.56954 -93.0963
-11.9778 2.058 -110.661
-3.96702 -3.40668 -101.452
-11.5377 5.83694 -102.962
-8.27586 -11.2402 -100.661
-7.57671 2.4467 -112.766
-20.4884 -2.27388 -97.9369
-17.845 2.9942 -106.31
-12.1224 -11.0356 -96.6141
-19.0595 7.36668 -106.203
-8.5203 -3.02808 -109.78
-19.7718 5.03854 -104.751
-22.2076 0.839469 -97.4752
-11.5208 0.865452 -96.922
-19.4111 5.46709 -105.354
-13.2947 -0.197034 -108.79
-21.7346 -0.1702 -97.5695
-10.567 1.12874 -97.9199
-4.98734 -9.95853 -104.488
-21.2889 4.731 -102.329
-13.8597 -10.0111 -96.3854
-5.00156 -7.402 -107.475
-6.92941 -9.18571 -104.743
-16.1525 -8.64064 -94.982
-5.40268 -0.495858 -112.213
-10.2199 -12.093 -96.3513
-6.47979 0.490129 -101.687
-15.8591 4.0183 -108.602
-8.9424 2.93089 -101.554
-11.6494 2.89756 -111.143
-10.329 -10.7924 -99.7157
-7.74321 0.617538 -100.221
-5.52049 -4.0522 -110.129
-9.73619 3.69834 -101.674
-4.61054 -1.0416 -102.766
-18.6295 -0.729464 -103.1
-10.6944 -0.169138 -110.389
-18.0654 -6.38434 -96.2094
-20.6351 -2.39224 -97.3428
-19.292 -3.06544 -99.5273
-14.1121 4.6423 -110.131
-13.01 -10.1783 -97.5469
-12.6776 2.52056 -97.6394
-11.0915 2.04877 -98.3855
-7.92881 2.39927 -112.629
-3.17606 -9.60488 -105.437
-19.3397 3.34568 -104.663
-17.3086 7.38931 -108.063
-15.69 3.8761 -108.698
-10.1438 -3.32988 -94.9176
-7.39573 -2.54157 -97.8236
-4.9719 -9.51509 -105.083
-21.5962 -1.67263 -95.4969
-20.348 0.617275 -101.462
-7.07626 1.92082 -102.648
-19.4322 -4.6482 -96.4107
-21.1571 -2.08047 -96.2837
-7.11406 -8.27404 -105.776
-8.13368 -0.221761 -111.505
-16.7174 5.32662 -108.214
-11.3957 -2.17336 -108.86
-7.19996 1.68659 -102.16
-19.9135 3.89463 -104.12
-8.70209 -8.64062 -104.505
-13.8937 1.20611 -109.057
-13.4804 1.97274 -109.678
-14.2171 -10.4655 -93.4194
-2.99454 -5.9003 -109.258
-19.7602 -1.0593 -100.99
-8.71167 0.134974 -111.445
-21.6082 -1.94032 -94.8202
-11.0692 2.20676 -111.21
-12.2291 6.48499 -103.362
-13.147 6.22347 -101.992
-14.2667 6.78492 -110.463
-5.64059 -5.10741 -109.315
-11.5526 4.39442 -100.747
-13.0415 -11.0742 -94.3046
-5.76488 -11.6184 -101.5
-10.2915 -3.52384 -94.6995
-8.42756 0.32146 -111.641
-8.52748 -2.58852 -96.7046
-10.4349 5.40745 -103.531
-3.34162 -3.48649 -102.411
-20.586 3.4271 -102.887
-20.0199 1.55684 -102.699
-10.4464 2.42664 -99.3635
-21.4929 5.41321 -102.234
-10.0988 1.41714 -111.387
-6.95902 0.0925891 -100.621
-3.10157 -6.76011 -108.497
-8.69924 3.58684 -112.71
-19.1865 6.73627 -105.934
-21.0564 2.06679 -101.261
-18.8515 1.08481 -104.094
-8.57744 -2.71054 -96.579
-7.00635 -10.0894 -103.436
-7.22703 -10.7457 -102.268
-10.9632 -2.89698 -108.631
-6.41738 -10.3138 -103.389
-12.0199 -1.77458 -108.723
-22.0689 0.0494289 -96.8365
-10.0181 -3.91137 -108.432
-6.94862 -1.69939 -98.9603
-13.0855 1.7747 -96.6513
-18.1132 1.98033 -105.524
-17.5771 -7.04526 -95.7976
-12.4562 -0.425468 -95.2447
-6.92658 -1.30746 -99.3208
-2.84188 -6.73642 -108.557
-8.31919 -3.3935 -109.615
-3.6128 -7.46047 -107.743
-4.54535 -6.17365 -108.725
-5.85724 -9.95251 -104.163
-3.9922 -2.97966 -111.17
-12.6567 6.03564 -111.369
-18.8545 -5.69187 -95.5959
-11.3807 5.35355 -111.941
-9.74637 -10.588 -100.696
-12.456 -11.278 -94.9793
-6.29811 -1.00195 -100.362
-21.3984 4.21942 -101.894
-6.97493 -9.87032 -103.772
-7.21236 -2.73817 -97.8752
