-9.40093 3.88841 -102.813
-6.09156 -12.3395 -99.2127
-19.4449 -2.11165 -99.8559
-10.2003 -3.83256 -108.075
-4.9591 -0.463513 -112.066
-6.02715 -1.97358 -111.016
-10.1626 3.93324 -101.961
-8.81785 -3.99657 -108.663
-12.7107 3.31427 -98.8077
-21.0695 -2.49856 -94.5848
-14.461 -9.83906 -94.3078
-13.5113 4.80517 -100.02
-13.5067 6.64649 -102.84
-13.8048 -3.38421 -92.9047
-13.2061 -8.20882 -100.778
-11.9123 -11.1899 -95.5093
-4.03802 -10.3753 -103.773
-13.2235 6.56149 -110.84
-10.9991 4.28329 -101.555
-19.7948 2.74853 -103.314
-6.82341 -3.04353 -98.4218
-7.01425 0.159645 -101.041
-18.2862 -5.33633 -97.1939
-15.2215 3.49109 -108.633
-14.2029 6.46269 -110.16
-5.51721 -3.19106 -110.408
-21.0377 3.75225 -101.803
-16.0648 3.39849 -107.878
-11.1878 2.16468 -110.846
-4.45352 -3.86581 -110.216
-13.544 5.50637 -110.424
-17.2903 -7.7176 -92.7839
-20.3226 -0.292612 -100.118
-11.3006 4.67593 -101.833
-10.3532 5.05799 -103.54
-12.4507 -11.2324 -93.8366
-8.64516 -4.3004 -108.5
-11.7864 -1.29275 -108.846
-6.28616 -0.157367 -111.864
-5.48255 -2.19187 -111.027
-10.009 3.30501 -101.293
-17.9275 4.63801 -106.446
-20.0679 4.66481 -103.758
-20.0729 -1.17934 -99.6434
-18.4705 -3.17022 -100.322
-14.4122 -8.87717 -97.5377
-14.3893 -9.4642 -95.8915
-3.59026 -10.7393 -103.308
-15.7962 -7.86922 -97.2152
-15.958 -8.60889 -94.4144
-18.4856 -6.42632 -92.9363
-21.9176 3.73579 -100.031
-12.2034 -0.0603408 -96.0061
-19.4617 -2.60075 -99.1338
-5.85547 -2.383 -110.804
-8.86121 1.52496 -111.682
-20.666 -0.786615 -98.7923
-18.7325 -5.1307 -96.3948
-18.3487 -5.80089 -95.8597
-22.0648 2.96758 -99.1624
-7.61778 -2.50581 -110.145
-7.74488 1.00258 -101.094
-18.835 1.97513 -104.188
-12.8514 1.09876 -109.393
-11.2802 2.59279 -99.2056
-4.53344 -9.50099 -104.801
-2.52965 -8.15182 -106.844
-14.9184 1.41241 -108.007
-12.1749 2.74916 -98.6384
-10.0119 1.6277 -99.3139
-17.9847 -6.18689 -95.8945
-5.16484 -3.13362 -100.406
-12.6518 6.51383 -103.519
-8.26319 -1.41063 -98.195
-13.905 3.1729 -109.501
-13.1301 6.44799 -110.847
-4.16261 -1.4445 -103.631
-18.9475 -2.48377 -100.283
-13.316 -10.6274 -94.1137
-7.58826 -0.919819 -99.3228
-6.06623 -11.9058 -100.128
-18.4336 -4.10972 -99.0102
-18.0669 -4.2474 -99.5251
-21.5257 5.50581 -101.644
-18.2289 -6.43826 -94.1098
-5.7957 -5.82317 -108.323
-12.3582 -3.10903 -93.8937
-14.1035 6.35217 -110.174
-4.59647 -3.53837 -100.892
-15.4578 -8.44081 -96.3838
-10.5557 -11.4164 -97.0261
-14.2687 4.31849 -109.588
-11.6504 -3.59863 -94.0598
-14.3854 1.86915 -108.626
-15.4846 -8.84964 -94.9434
-12.1942 -10.1023 -98.1857
-20.6394 -3.32817 -93.9455
-4.16877 -8.49726 -106.121
-12.1253 1.11942 -109.85
-10.5463 -0.576901 -109.921
-6.21185 -9.17973 -104.585
-10.8807 -2.51116 -108.567
-6.93447 -12.4988 -98.0175
-9.71972 -0.131445 -97.9235
-19.9245 -4.19356 -94.517
-6.38485 -4.20784 -109.405
-5.29347 -11.6817 -100.98
-18.6605 -6.12151 -93.2533
-7.24698 -3.51071 -97.7072
-19.8394 -4.37596 -94.3069
-12.3073 3.09721 -98.9504
-21.3134 0.96971 -99.1234
-14.1399 -9.86679 -94.9287
-19.071 5.07139 -105.198
-5.50209 -2.65791 -100.381
-6.80433 -5.3162 -108.396
-5.00172 -10.7391 -102.794
-12.2944 -11.0352 -95.0144
-17.4177 -7.09973 -94.8204
-4.02807 -8.75159 -105.843
-4.27956 -11.6035 -101.532
-9.24709 -11.7579 -97.7079
-4.53701 -2.71119 -101.737
-11.7561 -9.67589 -99.6722
-5.74012 -12.1929 -99.6216
-8.23544 -11.1026 -100.266
-11.4622 -2.20992 -95.0295
-7.87929 -9.40455 -103.423
-19.1657 0.515188 -102.715
-11.0991 4.5493 -101.951
-5.90453 -0.263021 -111.863
-10.6836 1.43817 -98.5543
-12.5868 -10.7717 -95.3324
-8.49249 -3.09912 -96.7916
-7.13498 -12.0173 -99.0853
-7.03658 -3.47277 -109.689
-8.915 -0.406601 -98.449
-10.4557 -1.59398 -96.1742
-17.7245 2.39796 -105.714
-11.7885 0.884341 -97.145
-18.8257 2.71634 -104.518
-11.8667 -2.7313 -94.4549
-10.6745 -1.69777 -109.175
-20.4374 1.10373 -101.015
-19.9631 -2.76269 -97.5321
-13.8759 -8.36236 -99.4213
-20.6739 0.753213 -100.257
-9.54821 -2.42679 -109.308
-12.2463 5.38252 -102.077
-13.178 -9.10463 -98.9288
-21.9374 -0.410802 -95.2802
-7.07273 1.08473 -112.093
-10.8173 -11.1748 -97.2464
-7.7539 -2.02979 -98.2833
-6.46554 -11.0747 -101.485
-9.50267 -0.917382 -110.217
-13.1651 3.60457 -98.9088
-17.7486 -6.18789 -96.411
-18.4449 -3.69618 -99.5225
-3.00422 -7.08193 -107.798
-21.4094 2.80392 -100.349
-11.3467 -2.31769 -95.0678
-12.9671 0.450209 -108.934
-22.0376 3.8581 -99.6753
-18.0464 -3.58506 -100.381
-14.2747 -9.90219 -94.1522
-10.5145 -11.6254 -96.2372
-13.2034 0.255672 -95.6958
-13.0831 -0.499243 -108.346
-18.5773 -0.809849 -102.489
-16.1203 -8.60871 -93.2994
-4.04622 -11.0516 -102.546
-22.3639 1.38626 -96.5244
-5.62704 -9.02816 -104.956
-20.8682 -0.672903 -98.25
-8.12148 -7.73514 -105.405
-8.22186 -11.683 -98.9147
-5.40482 -11.2401 -101.694
-12.01 0.181819 -109.421
-17.7345 5.31244 -106.758
-6.85491 -1.2955 -99.9375
-6.60672 0.425071 -102.05
-20.0842 1.74164 -102.06
-19.7587 -3.42786 -96.7964
-10.7853 -9.70988 -100.601
-9.63773 -8.35823 -103.69
-18.1089 4.62914 -106.126
-19.4229 6.46692 -105.057
-17.8771 -4.5891 -99.2129
-10.0158 2.13552 -99.9746
-4.82243 -6.98749 -107.462
-7.37705 -3.27931 -109.653
-10.297 1.1067 -110.779
-6.36746 -11.432 -100.803
-15.0955 -9.42888 -93.3223
-12.3373 -10.9947 -94.8464
-18.9874 1.27766 -103.438
-5.54545 -5.5992 -108.513
-20.3594 -3.33518 -94.9243
-17.4827 -6.50758 -96.2304
-15.8517 2.82932 -107.714
-17.5337 7.45672 -107.372
-4.99486 -6.6918 -107.68
-20.7936 -1.65323 -96.9261
-13.4836 -8.80008 -99.0199
-6.23498 -2.84807 -110.303
-18.0161 3.94582 -105.971
-13.833 -8.35017 -99.4125
-20.0404 5.127 -103.807
-4.61306 -7.03821 -107.45
-18.7012 3.16201 -104.829
-6.65402 -0.529656 -100.952
-10.0944 -10.7671 -99.1169
-6.56458 -8.65417 -105.009
-6.28945 -1.6363 -100.349
-17.108 7.41743 -107.786
-13.1197 5.59294 -101.655
-18.7084 -4.59225 -97.3148
-11.785 2.26429 -98.5493
-10.2781 0.677881 -110.586
-7.59044 2.23875 -112.299
-15.281 1.79478 -107.752
-12.9519 -1.22294 -94.8078
-8.93489 -10.6405 -100.479
-5.98075 -2.13094 -110.796
-10.0007 -11.2594 -97.9683
-7.25472 -3.56275 -109.472
-8.23059 -2.22196 -109.966
-9.86936 -9.33625 -102.027
-14.7246 1.00167 -107.839
-16.6221 -7.33764 -96.2302
-18.579 -2.70479 -100.463
-10.2917 -11.4119 -97.1409
-16.8247 4.26965 -107.312
-14.8689 1.96784 -108.175
-4.18215 -3.57148 -110.335
-22.1321 2.60401 -98.4043
-7.74253 1.98257 -102.491
-4.87923 -1.42688 -111.465
-6.21865 0.36068 -111.99
-3.86602 -3.05398 -110.714
-4.46224 -4.29168 -109.761
-20.373 3.14848 -102.365
-3.99726 -3.65941 -101.876
-6.64061 1.11129 -102.942
-19.8923 3.08608 -103.095
-4.43568 -6.55611 -107.915
-12.4145 -1.55338 -94.9294
-8.1848 0.23825 -99.9319
-12.8614 -9.27083 -98.8576
-8.50217 -12.3769 -96.4298
-13.9956 -10.0647 -94.0081
-12.2611 4.37267 -110.801
-10.3337 -2.84517 -108.537
-6.03207 -2.02783 -110.825
-6.04627 -11.1701 -101.399
-8.98303 -9.44474 -102.507
-6.44579 -0.0260884 -111.737
-11.2659 3.92561 -111.233
-13.4196 -9.48451 -97.4397
-21.8255 0.381727 -96.7091
-6.98411 -3.02438 -98.466
-16.6967 -7.24628 -96.1751
-14.1797 -9.78569 -94.6306
-5.6901 -1.81069 -111.026
-12.6275 5.3147 -110.796
-7.47666 -5.56868 -107.783
-11.8843 5.83323 -111.333
-3.25204 -6.96144 -107.764
-11.1912 1.9026 -98.7225
-21.4501 2.8766 -100.157
-7.44417 -0.545312 -111.154
-11.0471 -1.20553 -109.159
-9.03024 -2.80648 -96.6249
-7.12528 -12.0363 -98.8012
-21.7512 0.392606 -96.964
-21.1004 -2.29333 -94.1687
-5.50093 -9.86477 -103.756
-21.8888 4.92205 -100.43
-5.19177 -1.57188 -102.012
-15.4764 3.68472 -108.282
-11.2614 1.28605 -110.271
-9.57928 1.61832 -111.246
-9.92312 1.46309 -99.4349
-5.4375 -7.99638 -106.127
-6.38648 -12.3376 -98.5559
-18.3608 1.87582 -104.517
-6.355 -12.2303 -98.856
-9.97105 4.24164 -111.92
-18.6268 -4.70951 -97.0985
-13.0239 3.31247 -109.98
-13.32 3.5386 -98.8583
-21.8159 5.27459 -100.709
-7.03921 -4.67472 -108.676
-12.2859 1.13932 -97.1527
-17.9322 6.1162 -106.631
-11.9687 -8.47135 -101.385
-18.3849 -5.15926 -96.7733
-6.06374 -10.5153 -102.48
-5.11573 -2.18778 -101.542
-8.64601 -8.84193 -103.541
-9.36669 2.10358 -100.753
-9.03543 -7.82846 -104.62
-8.78805 -3.45148 -96.4601
-10.2367 -0.390885 -97.4351
-18.5214 -5.92846 -93.9678
-8.91772 -0.678813 -98.3819
-4.14845 -11.121 -102.205
-8.28971 -2.6321 -97.4579
-11.9011 5.0219 -102.059
-21.8288 1.89105 -98.3801
-20.5738 0.568585 -100.033
-7.01845 -10.2927 -102.318
-3.66554 -4.04872 -110.039
-11.4298 5.46821 -103.304
-20.9479 -0.414748 -98.0913
-7.66443 1.97805 -102.706
-7.26645 -5.14847 -108.186
-16.9409 -7.23466 -95.3611
-13.2301 2.85401 -98.1884
-9.169 2.60853 -101.64
-19.0571 -4.07294 -97.1394
-7.6589 -2.09343 -98.5115
-6.6762 -1.82169 -110.679
-18.0833 7.26451 -106.644
-18.8254 2.65837 -104.281
-7.94068 -11.3452 -99.6541
-18.3941 -6.33968 -92.4761
-13.1309 -10.3134 -95.1708
-8.41664 -3.19816 -109.165
-12.6803 4.46244 -110.503
-12.7777 1.69256 -109.493
-11.1269 -2.5604 -108.194
-15.5629 -7.66514 -97.6202
-17.83 2.8635 -105.602
-6.48364 0.105646 -111.719
-11.725 2.85896 -99.3796
-10.6344 -2.77901 -95.4184
-5.39831 -2.38661 -101.006
-11.1197 -2.05391 -95.5345
-7.42406 -4.65394 -108.483
-6.55794 -7.41816 -106.279
-19.6787 -4.56302 -93.3832
-18.1851 5.84256 -106.218
-20.6728 4.36504 -102.325
-4.95909 -1.22075 -102.881
-10.7461 -0.615385 -96.8812
-11.7966 -11.0444 -95.375
-16.9404 -7.71888 -93.144
-5.30166 -0.406686 -103.279
-11.6751 2.98432 -99.5924
-9.3799 -2.0657 -96.914
-14.9958 2.42733 -108.147
-5.25604 -2.02329 -101.577
-8.68142 -1.90123 -97.6648
-20.1718 -3.26402 -95.3112
-16.703 -7.96344 -93.0193
-10.1322 -1.34811 -96.8078
-14.4871 -9.64783 -93.8672
-11.6344 -1.41887 -95.6273
-4.58048 -2.44643 -110.836
-16.0549 -7.84604 -95.8514
-7.87356 -5.22312 -107.805
-5.01051 -11.0985 -101.823
-13.3408 -2.38895 -93.9642
-10.7726 -9.55048 -100.606
-5.77451 -1.58463 -101.289
-9.22085 -12.0857 -96.0919
-14.1236 -9.35754 -96.0188
-11.8945 5.86379 -103.579
-8.68477 -9.41198 -102.588
-9.73772 -0.0285516 -98.2526
-4.67004 -1.78672 -111.195
-20.9637 3.59039 -101.388
-8.70978 0.554305 -111.102
-3.90467 -3.75046 -110.142
-21.4944 1.76148 -98.9634
-11.7547 2.48365 -98.9857
-17.8358 -4.94561 -98.3256
-22.0525 0.657074 -96.0265
-6.39307 -8.69527 -104.809
-8.23741 0.977401 -111.451
-21.5736 4.66648 -100.736
-18.8837 1.55767 -103.492
-9.82723 -11.1883 -97.9968
-17.6563 -6.54113 -94.9127
-12.6714 -10.5986 -94.9402
-20.618 4.1366 -102.244
-11.1915 -1.32704 -108.881
-15.5511 -8.40916 -95.3671
-20.363 -3.0581 -94.913
-16.3202 -8.23873 -93.1878
-10.7839 -9.17409 -101.227
-9.48463 0.420256 -98.9311
-11.4312 4.93901 -102.548
-15.7575 4.71199 -108.256
-15.5927 -8.1069 -96.2201
-3.85453 -9.2998 -104.896
-18.3135 -3.68003 -99.354
-6.60134 0.945471 -103.001
-7.37069 -11.3778 -99.8572
-18.508 -5.60571 -94.7413
-9.14675 1.514 -111.282
-6.28588 -11.6183 -100.074
-9.75128 4.33033 -111.931
-6.41971 -1.34112 -110.945
-13.2768 2.25445 -109.304
-12.1877 3.32135 -99.636
-11.9722 3.58203 -100.138
-11.3587 5.02918 -102.81
-10.7735 -1.13965 -96.5236
-4.97648 -2.10316 -102.016
-7.43692 -2.26732 -110.075
-11.7751 -1.85833 -108.166
-19.3641 -0.894621 -100.743
-15.7682 -8.6306 -93.5509
-8.62231 0.600564 -100.025
-11.3845 -2.55089 -95.1128
-13.819 0.0793565 -107.884
-3.86031 -6.92698 -107.522
-11.7019 -9.18215 -100.164
-8.85476 0.752443 -111.067
-12.3333 -8.60627 -100.487
-9.38969 -2.17088 -96.9247
-11.7844 2.08958 -98.6209
-13.89 -9.34903 -96.3665
-6.8208 -3.22863 -109.656
-8.68004 2.70486 -111.883
-13.2255 2.91025 -98.3997
-5.09589 -1.96515 -110.936
-17.0754 5.14593 -107.105
-20.4147 4.80947 -102.801
-17.7336 4.22903 -106.127
-20.1388 -3.39518 -94.7467
-7.26487 -1.5031 -110.559
-6.69939 -0.123634 -101.63
-3.72213 -2.94039 -103.31
-19.7683 -4.03165 -94.4557
-11.2337 -10.0666 -98.8954
-14.8346 -8.67343 -96.2548
-13.1147 2.51021 -98.0828
-10.3921 0.343028 -98.1107
-9.65775 -2.42265 -96.5477
-7.29634 -2.45594 -98.7739
-19.0001 -4.30983 -96.417
-9.17601 2.14144 -101.222
-11.2347 5.34961 -111.413
-10.5874 5.14982 -111.696
-8.01663 1.78911 -111.791
-13.4146 3.87558 -109.733
-9.61163 0.675369 -110.678
-5.7445 -0.151672 -103.05
-12.1378 5.19904 -110.884
-18.1655 6.13835 -106.177
-21.4919 1.64111 -98.6538
-9.02518 0.345808 -110.79
-5.22104 -7.77792 -106.233
-17.7288 4.89847 -106.324
-13.1597 -8.72613 -99.1331
-20.3418 2.84347 -101.911
-7.51197 0.844395 -101.725
-21.1329 4.15976 -101.176
-9.09971 -2.59777 -109.098
-9.44276 0.180319 -110.504
-18.1387 -5.67337 -95.5901
-2.85073 -9.12049 -105.221
-6.37092 -12.1837 -98.5238
-20.9059 0.27514 -98.6169
-16.9591 -7.38922 -93.957
-11.6421 0.627841 -97.3807
-17.9389 -3.11027 -100.62
-19.2442 3.59228 -103.949
-13.2063 -9.45437 -97.2918
-7.58776 -8.2903 -104.631
-12.6158 -10.4092 -95.478
-4.79326 -6.17295 -107.924
-3.04937 -8.33334 -106.126
-10.7301 -1.58732 -96.3031
-19.9921 -3.18206 -95.6866
-8.51326 -10.083 -101.413
-6.95032 -7.52947 -105.797
-6.25268 -7.88591 -105.685
-11.8942 -9.46845 -99.204
-10.9323 -9.45554 -100.354
-5.68398 -6.35237 -107.471
-8.10727 -0.43789 -99.6806
-17.6425 6.95502 -106.851
-7.67831 -0.759212 -110.74
-7.30594 -12.0328 -98.1017
-18.5524 -5.82709 -93.1281
-13.9876 -9.27396 -96.1473
-11.4218 1.33604 -98.2406
-12.2613 6.01693 -103.687
-10.0817 2.0168 -110.963
-12.8271 -10.5109 -94.3925
-19.585 4.60683 -103.861
-7.49631 -4.19055 -108.644
-9.61914 0.190395 -98.7279
-4.92074 -11.7978 -100.246
-8.87461 0.87923 -111.045
-12.9025 5.58709 -110.434
-9.06054 -11.926 -96.3696
-17.1013 -6.96672 -94.8438
-19.864 -4.1385 -92.9745
-8.03273 0.464052 -111.173
-17.8128 -6.00827 -95.5067
-10.7164 -0.640346 -109.395
-9.07983 -12.0455 -95.9067
-9.45096 -0.678209 -98.1419
-3.24591 -8.58352 -105.735
-18.9561 -2.70731 -99.1338
-11.1711 3.9775 -101.595
-12.0177 -9.17218 -99.6042
-12.7207 -3.04022 -94.0921
-18.0272 -4.14236 -98.9061
-10.9256 -1.70677 -108.653
-7.74758 0.856716 -101.509
-18.6882 -5.43451 -94.0161
-5.02116 -2.6403 -101.616
-20.3353 -1.47119 -97.6687
-4.663 -6.93059 -107.155
-5.44251 -9.4033 -104.022
-10.1065 -0.231705 -109.905
-19.5715 1.80657 -102.363
-14.683 4.54634 -108.906
-18.3788 3.12194 -104.762
-8.87493 -11.6692 -97.3599
-11.2401 2.86773 -100.119
-5.96995 -0.83668 -111.2
-2.73391 -4.91385 -109.297
-2.93093 -6.12957 -108.265
-7.3785 -8.00075 -104.987
-7.31422 -3.71168 -109.013
-9.43786 3.56273 -111.723
-11.9351 -10.0744 -97.5804
-12.7984 -3.78007 -93.6682
-18.5433 -2.20432 -100.511
-14.9333 -7.6142 -98.3631
-9.76435 2.63943 -101.334
-11.8784 -10.4063 -96.7259
-12.6407 -1.88295 -94.8985
-11.2606 3.73011 -110.866
-21.2001 1.00586 -98.4397
-4.88961 -10.444 -102.631
-6.19741 -2.53476 -110.152
-19.8087 -4.01005 -93.5491
-9.89756 1.72007 -110.86
-17.4762 -6.65277 -94.335
-8.65506 -10.478 -100.369
-3.15977 -8.44741 -105.843
-16.222 -8.1809 -92.7406
-10.601 -0.0289285 -97.7527
-12.1225 -0.814898 -108.393
-2.74669 -6.83803 -107.611
-13.1405 0.686229 -96.5008
-14.1095 6.19967 -109.693
-7.99883 2.00523 -111.759
-20.773 4.94796 -102.014
-9.26543 -11.8018 -96.3326
-19.9726 5.69416 -103.562
-15.557 5.55484 -108.401
-16.9696 5.30294 -107.042
-18.3821 -1.83133 -101.099
-19.0414 4.76459 -104.508
-14.17 4.5614 -109.238
-18.2546 6.13338 -105.878
-8.30303 1.02514 -101.136
-6.97223 -3.34829 -98.659
-8.76519 3.05084 -103.236
-4.15297 -2.85829 -110.434
-13.554 4.75989 -109.729
-18.7522 -4.9404 -95.0598
-21.3306 0.743616 -97.7252
-19.6576 -2.22259 -98.0578
-20.2093 2.81519 -101.855
-16.1787 4.73644 -107.638
-4.9963 -9.07 -104.553
-13.6141 -8.16698 -99.2533
-18.2095 -1.31962 -101.89
-13.3033 -10.0158 -94.7635
-11.1901 -0.419746 -109.13
-20.2383 -0.0985262 -99.3781
-8.86042 -8.12641 -103.882
-6.36823 -10.6992 -101.411
-5.86912 -2.06845 -101.093
-12.2036 -8.98134 -99.5151
-8.82411 0.0536619 -99.5612
-5.40691 -10.3892 -102.418
-14.4111 4.75969 -109.083
-5.85606 -7.01507 -106.603
-11.1636 3.47439 -110.785
-10.919 1.12407 -110.038
-12.6735 -9.75295 -96.9747
-18.13 -2.20598 -101.056
-11.2654 -3.43989 -94.8935
-6.89535 0.657916 -102.603
-12.4944 -2.41742 -94.7063
-17.3023 3.37176 -106.008
-11.9145 -9.48051 -98.8429
-3.68276 -9.12001 -104.828
-15.3151 3.6157 -107.972
-14.6494 7.25766 -109.377
-8.27911 0.935824 -101.148
-7.72648 -5.21322 -107.531
-6.90795 -1.70754 -110.331
-19.8456 4.61037 -103.233
-10.5002 -8.1994 -102.538
-10.6425 4.42383 -111.294
-4.90771 -3.84455 -109.55
-12.6312 -9.17151 -98.4464
-17.5403 3.91287 -105.923
-4.59434 -8.81911 -104.923
-12.477 -10.4387 -94.9446
-13.1717 -9.09632 -97.7602
-12.0011 -10.2465 -96.6454
-20.2161 5.12434 -102.862
-17.9006 4.19214 -105.622
-20.7934 3.83391 -101.295
-4.94464 -7.73088 -106.101
-13.092 1.55864 -97.4097
-13.9651 6.66487 -103.483
-10.3274 3.36837 -101.905
-7.41532 -1.70372 -110.124
-11.8066 -1.00304 -108.356
-15.0395 5.59223 -108.737
-10.419 0.108942 -109.768
-6.46532 -2.47303 -100.044
-5.28449 -3.30849 -100.904
-6.86441 -1.03385 -100.85
-7.52623 -0.903986 -110.526
-9.17245 3.15156 -102.993
-19.4911 -4.14845 -94.061
-5.64004 -9.91059 -102.982
-7.89887 -11.4143 -98.6997
-17.8338 4.20839 -105.664
-18.376 -1.37567 -101.416
-12.4596 -0.751043 -95.9252
-15.8362 -7.31852 -96.8118
-19.8507 1.54002 -101.465
-15.4126 4.34463 -108.094
-14.4725 1.73032 -107.836
-13.3192 -9.76147 -95.245
-10.0039 -0.480367 -98.0539
-8.0416 -7.79778 -104.646
-13.699 6.47342 -103.437
-8.6346 0.523759 -100.369
-9.44838 -2.56312 -108.679
-5.62227 -1.40568 -110.823
-11.0986 -2.35271 -95.7742
-20.7193 -2.15493 -94.2557
-6.52386 -7.88994 -105.269
-12.2219 3.38392 -110.06
-13.4883 3.36242 -99.0897
-4.32259 -6.88526 -107.077
-5.28989 -2.92157 -110.011
-4.9354 -1.67373 -110.847
-9.89784 -3.67541 -95.856
-9.27509 1.27909 -110.82
-7.92709 -0.662062 -99.973
-11.8752 4.31021 -101.67
-6.46127 -1.8318 -100.702
-20.644 -2.30429 -94.0241
-9.17246 3.5393 -103.719
-18.9585 -2.45969 -98.9389
-12.4717 -9.44125 -97.8048
-9.29114 -3.44951 -96.5254
-16.35 -7.76002 -93.3371
-16.7514 -7.48308 -92.7379
-14.2646 -9.27096 -94.3749
-11.0566 2.99983 -110.565
-16.9477 -7.2822 -92.8072
-18.1791 -5.96961 -92.8757
-13.6661 -9.71214 -94.3134
-13.1679 -8.68735 -98.4829
-11.7492 3.49154 -100.717
-9.88739 0.0561141 -98.6766
-3.05766 -5.98614 -108.136
-19.0924 -4.76558 -93.3585
-13.2262 -2.81947 -94.1593
-5.10571 -2.60822 -101.881
-13.3526 -1.48145 -94.9597
-13.5885 -3.54901 -93.589
-7.14484 -8.7485 -103.801
-10.0472 1.51428 -100.039
-7.85767 2.92226 -111.921
-12.1697 0.597777 -97.33
-6.72948 -0.281155 -101.974
-6.48777 -2.55921 -100.079
-7.68503 -11.6348 -98.0844
-14.8782 6.80284 -108.995
-13.1741 -10.1636 -93.4953
-21.0651 1.56259 -98.8188
-8.20103 -2.25128 -109.383
-10.3475 0.815335 -99.0211
-17.1554 5.93242 -106.786
-10.3483 -1.41255 -108.866
-20.5852 -1.93457 -95.1339
-7.39971 -8.70498 -103.727
-9.36271 -11.7839 -95.4863
-11.6132 5.20745 -103.491
-11.3997 2.83125 -100.31
-10.7192 2.65379 -110.554
-17.3548 2.43601 -105.275
-7.70136 -9.32645 -102.6
-16.9664 -6.64507 -95.1435
-9.27924 -0.582723 -98.7607
-18.8534 4.75585 -104.435
-18.173 -5.61798 -94.1219
-3.20038 -7.66804 -106.389
-11.0386 -11.0037 -95.2942
-20.123 0.202051 -99.5186
-8.19349 -4.26676 -107.919
-15.6995 4.28499 -107.672
-13.5609 5.41636 -101.929
-17.1899 4.49652 -106.299
-12.2081 -0.362723 -108.316
-13.0662 -8.86698 -98.0611
-7.47721 -0.293324 -110.723
-6.09134 -7.60841 -105.632
-6.99821 2.11357 -111.903
-17.8883 -4.68007 -97.395
-9.01054 -1.46365 -109.431
-11.5924 -0.827499 -108.406
-10.4774 1.3656 -99.5568
-3.54609 -3.30192 -109.998
-9.08972 0.383708 -99.919
-5.15282 -7.55802 -105.97
-7.97237 -8.89391 -103.024
-20.5163 2.34288 -100.504
-11.006 -8.8284 -100.709
-9.65058 -1.19943 -97.9363
-6.8796 -0.239866 -110.917
-8.84031 2.65019 -102.978
-10.2143 -9.93336 -99.4027
-14.149 5.54952 -109.227
-14.0277 -7.66478 -99.03
-9.4731 -11.1023 -97.3931
-15.5723 6.81347 -108.353
-8.4303 -7.85964 -104.151
-17.3053 3.60652 -105.803
-18.3461 6.0883 -105.369
-8.61562 -4.04184 -107.815
-19.2981 -1.77497 -98.807
-13.2658 1.67926 -108.533
-12.6215 2.80372 -109.426
-21.6225 1.11182 -96.4339
-15.0518 2.63442 -107.545
-19.0625 -1.07473 -100.134
-6.72333 -1.02207 -101.352
-21.261 -0.515181 -95.0292
-20.4142 3.41179 -101.319
-6.39191 -2.55321 -109.746
-21.2925 3.47639 -99.5974
-20.5288 -1.52043 -95.8308
-4.47537 -8.55707 -104.959
-18.1958 5.33682 -105.343
-19.852 4.33857 -102.731
-6.29231 -5.56375 -107.512
-19.2968 1.07347 -101.687
-13.0428 0.976766 -97.1833
-7.12357 -0.600378 -110.58
-8.46447 3.56909 -111.755
-3.623 -9.72057 -103.576
-18.3235 2.3558 -103.887
-17.9294 4.15818 -105.207
-4.5633 -2.69702 -110.11
-17.215 5.48537 -106.429
-21.7195 2.27345 -97.4087
-9.57142 1.65946 -100.91
-10.0959 -10.5051 -98.0223
-8.37501 -3.60807 -108.215
-7.08696 -9.16886 -103.009
-18.8833 -2.771 -98.2076
-3.81046 -10.6167 -102.111
-18.0755 6.71733 -105.776
-18.5248 2.6303 -103.766
-11.8768 -9.1525 -98.8984
-18.4707 3.22903 -104.139
-5.8573 -1.65822 -101.977
-19.1024 -3.69183 -95.8642
-5.89489 -0.57578 -110.934
-12.2379 3.3532 -100.415
-6.25789 -7.43113 -105.565
-12.5287 -2.14089 -95.2147
-5.53997 -2.68499 -101.508
-3.98223 -3.38205 -103.364
-6.12167 -3.74536 -108.941
-3.67871 -2.07543 -110.621
-20.6921 2.07805 -99.7014
-15.61 5.71718 -107.97
-5.43841 -2.6036 -101.732
-11.5067 -3.19659 -95.2276
-12.8719 -9.76784 -95.3389
-13.8045 6.73622 -109.581
-14.1454 3.90001 -108.651
-9.05946 -3.11463 -97.1936
-13.7135 5.95512 -102.932
-14.8793 6.05205 -108.651
-10.7403 0.785357 -109.623
-4.83151 -4.51775 -108.732
-21.5175 1.87994 -97.3547
-12.0982 2.65313 -99.7464
-18.4268 -5.15511 -93.7257
-14.5121 -8.87829 -94.0171
-21.1655 3.03278 -99.3068
-9.61978 -0.7473 -98.5351
-7.15164 -10.3838 -100.803
-6.44219 -3.38807 -109.046
-16.7494 -6.44051 -95.7142
-13.1243 3.1859 -109.101
-12.7979 -9.17017 -97.2301
-5.7038 -0.323535 -111.07
-13.3383 -8.5309 -97.8987
-20.0322 1.30685 -100.328
-17.0212 -6.22852 -95.5104
-19.4177 -2.53794 -97.0182
-8.07049 -1.27343 -99.6457
-12.4692 5.18123 -110.11
-5.37312 -9.04379 -103.849
-11.3634 3.24677 -101.149
-11.7076 1.28216 -109.205
-5.5459 -10.7911 -100.877
-18.5301 -2.11867 -99.5828
-10.3854 2.32262 -101.023
-12.3016 2.69549 -99.6826
-19.7892 0.196331 -99.7009
-11.4678 -8.97056 -99.5182
-9.73073 -1.09557 -98.191
-5.20432 -11.1681 -100.297
-21.2918 3.44373 -99.2181
-14.6924 -8.72411 -93.8588
-8.41992 1.34527 -102.079
-3.51672 -4.21542 -109.152
-20.3897 6.23717 -102.299
-7.69341 -2.46252 -99.1161
-12.8694 0.333221 -96.9245
-17.5405 2.70461 -104.867
-8.69774 -9.82553 -100.635
-12.9405 5.75564 -109.895
-4.36454 -2.91767 -103.299
-12.1175 -9.12404 -98.2159
-13.6558 -3.88882 -93.6802
-7.61352 -4.32116 -107.806
-12.5193 0.929707 -97.747
-7.85986 -8.54867 -103.201
-18.6228 3.74742 -103.928
-10.5142 -10.5611 -96.8105
-13.9996 3.43119 -108.461
-2.57773 -5.19798 -108.484
-17.9305 -0.962862 -101.776
-19.717 0.721274 -100.255
-9.24222 -9.15729 -101.301
-18.616 -3.45404 -97.243
-4.94682 -9.31203 -103.499
-12.9543 1.24429 -97.7316
-11.9794 -9.49649 -97.5053
-20.3828 2.11292 -100.107
-17.8774 -4.6566 -96.7532
-9.08601 3.41202 -111.296
-3.17244 -9.18758 -104.182
-13.504 1.12406 -97.3046
-20.2045 1.91223 -100.214
-18.1837 -4.1237 -96.9294
-12.5947 3.4595 -109.406
-15.4563 7.33699 -108.206
-11.3265 -7.96415 -101.29
-10.3492 -11.0263 -95.3222
-21.1669 5.04024 -100.238
-14.9647 -8.53183 -93.1879
-20.9351 3.73425 -100.006
-12.9203 -0.162856 -107.557
-8.44012 -8.57259 -102.731
-12.1679 4.10866 -101.754
-6.3936 -3.30186 -100.093
-19.4192 0.0974429 -100.151
-4.85809 -5.77591 -107.476
-12.5638 -4.03277 -94.2631
-18.1268 5.43807 -105.113
-16.8893 5.21807 -106.424
-3.82154 -6.68424 -106.874
-19.0875 2.25822 -102.326
-18.8156 0.370892 -101.385
-5.15102 -0.334588 -111.029
-6.77375 -10.441 -100.59
-20.0026 3.92434 -101.784
-12.2365 -9.81374 -95.7936
-15.0963 3.83331 -107.613
-21.0536 1.37167 -97.619
-7.69919 -0.177766 -110.325
-7.91876 -9.31963 -101.841
-14.0049 6.77338 -109.209
-8.2776 0.240495 -101.162
-17.6666 -5.51577 -94.8026
-7.87291 0.47265 -110.571
-6.33704 -2.29974 -101.081
-4.87409 -6.72461 -106.507
-10.3132 3.0897 -102.334
-18.3206 5.09728 -104.704
-3.57705 -9.41293 -103.636
-13.117 3.99297 -109.179
-4.32848 -1.88687 -110.336
-11.0088 0.182888 -98.4127
-10.8987 -10.8754 -94.3489
-20.1743 0.94038 -99.2169
-18.2112 2.52206 -103.663
-8.67427 -9.9813 -99.979
-19.5603 1.02743 -100.539
-15.972 4.34388 -106.94
-3.97199 -3.81132 -109.161
-11.0353 3.34852 -101.974
-10.5837 1.73787 -100.391
-17.3952 -3.68348 -99.1998
-12.2495 5.07836 -103.363
-5.79722 -1.85356 -109.993
-12.6841 2.13883 -108.75
-14.9234 3.86784 -107.714
-8.40425 0.174993 -110.171
-15.8842 7.11778 -107.69
-13.1381 4.75288 -101.949
-12.8995 1.26089 -108.21
-8.44413 -0.860893 -99.989
-17.7935 4.0972 -104.851
-7.44095 -4.54483 -107.473
-5.15999 -1.97241 -103.349
-18.0215 4.4002 -104.69
-8.63533 -3.71443 -97.5622
-10.3773 -10.2018 -97.4885
-6.41291 -8.7204 -103.432
-20.8439 -0.0925278 -95.9386
-9.08454 -10.56 -98.1593
-13.102 5.76865 -109.546
-11.7857 4.53092 -103.039
-9.83543 -1.09027 -98.3899
-11.7805 -8.3602 -99.8211
-13.7092 -8.74871 -95.696
-17.4018 0.692178 -103.526
-10.4253 -1.67157 -97.4146
-8.32489 -2.28221 -108.763
-17.0703 6.0652 -106.273
-9.16583 4.50623 -111.382
-12.6909 -3.78527 -94.5181
-7.34531 -4.43274 -107.544
-17.7835 -4.9868 -95.3768
-3.96816 -5.88959 -107.359
-9.95036 -10.6462 -96.6543
-17.7901 -3.00166 -99.2021
-4.92463 -6.46459 -106.565
-16.1774 6.05058 -107.095
-9.10747 -8.25249 -102.412
-4.33257 -10.4318 -101.537
-9.53203 -10.6158 -97.3304
-5.73413 -2.05326 -109.786
-21.0712 3.21396 -98.9102
-10.8494 2.93463 -101.761
-14.1499 -8.91005 -93.3991
-8.30005 1.45069 -102.849
-12.1892 3.96177 -109.613
-11.9541 -8.61113 -98.9906
-9.96983 -9.67831 -99.126
-20.6142 6.04691 -101.343
-8.21317 3.61985 -111.422
-7.56956 -7.56679 -104.211
-11.9341 0.699068 -98.3327
-12.7579 -0.774917 -96.4888
-12.3208 3.9688 -109.476
-15.7574 -7.62089 -92.8852
-8.30754 1.61535 -110.69
-8.18531 1.75274 -103.532
-13.1997 -7.30122 -99.7212
-17.7076 4.96992 -105.121
-7.49139 -11.3561 -97.4101
-14.592 -7.18978 -97.712
-12.6233 -2.39782 -95.4353
-18.3871 -3.69981 -96.4727
-12.8163 3.78074 -109.095
-13.7941 4.2746 -100.94
-12.7951 5.56446 -109.592
-6.73091 -2.95034 -100.305
-12.4854 -8.80685 -97.627
-12.4537 2.4744 -108.868
-10.8154 -9.16702 -99.0083
-11.402 -9.25367 -98.0447
-6.57653 -1.6361 -109.662
-5.27417 -2.9888 -102.388
-19.2891 3.07567 -102.054
-5.14367 -3.27125 -102.328
-9.08769 -11.1996 -95.7249
-5.19469 -7.85694 -104.811
-13.068 -9.60521 -93.0964
-19.0975 4.98474 -103.238
-20.0255 -0.950003 -96.652
-8.57427 -3.22436 -107.811
-18.4139 0.491487 -101.669
-19.5363 -1.93314 -96.4159
-5.88647 -2.16427 -109.559
-12.5982 -9.10925 -96.4355
-16.3133 5.39881 -106.669
-7.06123 -2.76706 -100.128
-20.9925 2.62013 -98.355
-8.0012 -0.508065 -101.082
-12.4514 5.21935 -103.881
-18.1515 1.40032 -102.642
-5.53328 -1.01471 -110.265
-5.68569 -5.80161 -106.762
-12.7967 -9.54532 -94.0941
-18.3197 -1.63597 -99.6061
-18.9122 0.426094 -100.67
-10.8498 -3.61471 -96.0186
-12.293 -7.71986 -99.9127
-4.58212 -3.10331 -103.534
-10.8315 -3.44521 -96.1345
-16.6136 3.95929 -105.828
-10.9914 -10.3537 -95.243
-6.16967 -0.0386521 -110.586
-7.55192 -1.07616 -101.143
-13.3804 1.45808 -98.1366
-7.86808 -0.679488 -109.672
-13.1003 4.34856 -101.803
-4.05762 -6.55887 -106.494
-13.4145 -1.99466 -95.3354
-9.19069 2.34215 -110.425
-10.0721 0.530626 -100.037
-5.89376 -11.2417 -98.6021
-6.15719 1.63725 -111.263
-13.8374 1.42019 -107.198
-12.1736 0.255883 -107.826
-15.757 6.6486 -107.338
-8.24948 -11.314 -96.1315
-5.16232 -9.06898 -103.04
-3.79178 -6.83999 -106.194
-14.8545 6.84262 -108.15
-6.29658 -8.81713 -102.914
-6.77679 -2.42611 -100.942
-18.8807 -2.8075 -96.3228
-20.3869 0.191566 -96.9609
-19.4292 -0.790131 -98.1644
-9.91186 -2.77641 -97.3715
-20.1208 -1.83862 -93.869
-19.2096 7.1124 -103.512
-8.12768 -0.642168 -100.962
-5.6269 -7.26915 -105.103
-12.5722 -0.245704 -107.188
-17.3593 -4.52298 -96.7732
-4.0145 -3.19754 -109.165
-15.5363 6.89421 -107.508
-12.0422 -8.82936 -97.6515
-17.9967 -3.15409 -97.8298
-20.6699 3.05659 -99.0668
-4.2607 -7.42944 -105.356
-7.22199 -0.56423 -109.853
-11.9915 -8.1492 -99.226
-19.4268 -2.71644 -94.301
-14.6625 -8.32596 -92.5619
-6.45682 -5.53809 -106.583
-9.53696 1.01498 -101.223
-5.29155 -0.221636 -110.617
-17.6188 -2.213 -99.9411
-6.55 -1.5617 -109.527
-10.9481 3.64194 -103.158
-14.7014 5.54201 -107.938
-19.8375 -2.15938 -93.6682
-6.30238 -1.55107 -109.547
-20.5734 1.36201 -97.5644
-9.04882 -9.88064 -98.8441
-2.82353 -5.53653 -107.479
-10.9635 2.43571 -101.52
-11.7636 5.76115 -109.964
-11.8519 -7.45044 -100.528
-19.2608 1.30107 -100.432
-8.64547 0.145528 -101.365
-6.44769 -10.8898 -98.774
-9.84764 4.39789 -110.654
-18.1324 -3.8384 -95.923
-12.7934 5.3928 -104.168
-7.45104 2.14959 -110.924
-4.5547 -4.91194 -107.666
-19.5712 2.00939 -100.417
-10.9438 -10.4135 -94.2839
-12.799 -3.13376 -95.1825
-6.53633 0.39544 -110.496
-5.34189 -6.02509 -106.35
-19.1465 5.6168 -102.905
-16.9851 -5.31786 -95.4339
-5.03003 -7.61503 -104.73
-10.8346 -9.3403 -97.8285
-12.8091 3.23114 -108.516
-18.4996 1.61262 -101.845
-16.2844 -6.21369 -94.9522
-17.3227 4.7566 -105.002
-6.38646 0.962309 -110.732
-6.54584 -1.71857 -102.233
-16.6705 -5.95276 -94.4845
-6.31441 -4.54061 -107.363
-12.1464 0.363666 -107.683
-14.0878 -8.55013 -93.0992
-12.2866 -9.12965 -95.9725
-6.20861 -10.9809 -98.5697
-9.97748 -3.43663 -97.0958
-18.8837 -3.26569 -94.451
-8.20156 -1.06998 -100.722
-18.4906 -1.78642 -98.3237
-18.8758 5.1821 -103.044
-5.13372 -4.93383 -107.333
-8.0977 -10.6744 -97.52
-10.2504 2.637 -102.81
-7.62484 -7.09552 -104.134
-11.9364 -8.4959 -98.0939
-8.94521 2.63139 -110.38
-6.02637 -9.34483 -101.799
-11.3193 1.56176 -100.308
-12.9199 -7.82671 -98.0898
-13.0923 -9.19829 -93.057
-10.9548 5.07572 -110.13
-9.45496 1.02283 -101.624
-13.166 0.800353 -107.098
-5.69614 -8.88877 -102.671
-19.9467 1.05737 -98.4835
-9.09223 2.54525 -110.284
-10.1529 1.89721 -101.911
-17.996 -4.05726 -95.3245
-14.6347 5.86151 -107.761
-6.67311 -1.13719 -109.452
-17.6065 -0.516468 -101.263
-10.8578 -1.18756 -98.1584
-8.15802 -3.5974 -98.8558
-13.3478 1.76302 -107.359
-8.90259 -8.60857 -101.032
-11.393 -9.44537 -96.2425
-14.2595 5.53399 -103.309
-3.19187 -5.97984 -106.765
-11.116 1.11069 -100.096
-13.8439 -8.58675 -93.0646
-20.7802 4.10734 -98.9444
-19.0776 -0.819216 -98.1307
-10.2332 -2.16288 -107.171
-3.06416 -6.40187 -106.376
-7.1512 1.1665 -110.434
-13.256 1.63917 -98.8893
-7.46299 -2.73586 -108.147
-11.1101 -9.3882 -96.9016
-6.78273 -4.08845 -100.158
-12.8745 4.24896 -102.607
-13.666 2.09667 -107.179
-18.4874 5.84074 -103.589
-15.815 6.83922 -106.839
-11.4998 -1.00658 -107.063
-12.0328 1.76157 -100.089
-17.0606 2.02254 -103.772
-5.23847 -6.45631 -105.677
-8.31153 -10.6116 -97.0547
-12.1047 -7.49291 -99.5879
-5.17777 -2.66928 -103.775
-14.207 -7.21783 -96.777
-20.9573 2.42498 -96.8524
-17.0163 -3.33395 -98.7802
-8.73617 -7.37106 -102.897
-12.3574 0.50679 -107.368
-3.4284 -7.72051 -104.761
-17.7291 -3.65595 -96.5846
-6.82783 -10.5226 -98.7128
-12.1696 -4.18414 -95.3459
-9.79754 -7.58324 -101.672
-9.1622 -8.50721 -100.713
-13.4908 5.09063 -108.295
-6.28516 -3.33021 -107.996
-12.1669 3.85058 -108.844
-10.656 0.417794 -100.001
-15.1713 -7.34486 -93.09
-5.84536 -3.38754 -102.104
-9.4831 -8.73635 -100.01
-7.57466 1.64395 -110.335
-10.9261 -0.70242 -107.535
-7.6843 0.754312 -104.038
-13.8034 4.37229 -102.064
-13.2727 1.66836 -99.0961
-4.96185 -3.84439 -103.091
-14.969 -7.06023 -95.0793
-19.6178 6.02156 -101.825
-12.3629 0.0535291 -107.02
-4.71237 -1.44947 -109.68
-8.70744 2.60314 -110.176
-11.1299 -9.8028 -94.6249
-8.71088 1.61282 -103.876
-9.94904 -10.2519 -95.3182
-20.4719 0.944401 -96.0259
-13.4045 -1.66853 -96.2182
-12.5372 5.28477 -108.925
-8.59981 -7.72229 -102.252
-19.283 -1.14602 -96.455
-8.92709 1.25469 -103.058
-7.19687 -3.43077 -100.362
-19.9196 1.58326 -98.3702
-8.25754 -0.0193434 -102.333
-3.50166 -2.40464 -109.266
-8.16427 1.42216 -109.936
-8.21728 -1.65972 -100.661
-10.9965 -1.1792 -107.1
-9.75064 4.15904 -110.206
-5.41866 -4.54589 -107.23
-10.8453 -9.3314 -96.8144
-14.1797 3.49146 -107.067
-3.91098 -7.09215 -105.062
-8.96369 -7.37748 -102.353
-8.44857 -9.26183 -99.6023
-13.4333 -7.50504 -96.9175
-14.0772 3.61212 -107.196
-12.3775 4.30402 -103.618
-6.4629 0.933833 -110.255
-11.5334 4.16669 -109.167
-11.6234 -9.46201 -94.5073
-12.6352 -8.17506 -96.6831
-18.4991 2.90702 -101.921
-11.5356 -7.00682 -100.618
-14.1069 3.50102 -107.131
-19.4837 -0.77156 -96.2257
-11.7212 2.10229 -108.303
-13.703 4.07072 -107.654
-13.1311 2.24337 -100.045
-20.5915 3.4537 -98.2015
-4.77637 -7.87508 -103.859
-19.2926 1.63122 -99.4323
-7.16747 -9.95508 -99.0225
-11.0723 -9.14567 -96.4778
-12.6113 -1.9405 -96.7149
-8.69756 -9.45503 -98.7764
-5.00837 -3.7984 -103.479
-20.3855 3.38838 -98.458
-9.27438 -1.53228 -99.8363
-13.9124 1.60213 -98.8803
-9.23984 -1.66541 -107.61
-6.36615 -10.1093 -99.2725
-6.58778 -4.55379 -106.618
-14.2578 -6.95603 -96.3668
-4.15428 -1.15607 -109.723
-3.07732 -5.33891 -106.913
-17.9381 4.55376 -103.405
-13.9733 3.15816 -107.009
-7.38992 -8.52589 -101.553
-9.74394 0.85107 -108.78
-8.52268 -1.23217 -108.238
-6.62755 -9.36996 -100.416
-3.45696 -5.4669 -106.62
-6.27712 -10.4089 -98.4481
-13.2441 3.48551 -107.606
-6.0101 -9.691 -100.179
-16.7488 -1.88409 -100.318
-13.0755 -2.53839 -96.0991
-12.8943 0.989105 -99.0991
-18.9813 1.24636 -99.5338
-7.35729 -0.695247 -108.953
-7.09168 2.94508 -110.668
-16.6816 -5.09759 -94.6249
-13.2869 4.68052 -103.6
-6.66008 -9.30004 -100.525
-4.89793 -4.14937 -103.492
-7.41009 -0.703043 -108.928
-15.4207 -6.49489 -94.2017
-17.87 6.20452 -103.916
-10.5497 4.49388 -109.642
-9.33953 -2.07158 -107.181
-11.1496 0.209634 -99.8876
-7.24137 -10.4817 -97.1941
-16.8653 2.19746 -103.384
-8.14685 -0.45037 -102.521
-19.5959 1.87391 -98.602
-11.3659 3.02512 -103.147
-7.17278 -1.21206 -103.025
-9.88452 1.0255 -102.108
-4.57095 -4.49573 -103.921
-7.91561 -0.851314 -102.376
-10.2022 -10.0477 -94.1934
-8.75967 -9.57475 -98.0081
-18.4397 -0.0744495 -99.1006
-20.7024 3.64466 -97.3892
-10.5291 -7.6414 -100.12
-3.96539 -2.46954 -108.776
-7.02446 -6.54089 -104.192
-6.24442 -10.3798 -98.329
-18.4904 -2.14096 -95.8974
-7.54719 -4.22357 -99.8176
-14.6726 -7.26142 -92.5861
-18.5992 3.22638 -101.342
-5.62071 -8.08384 -102.719
-16.9863 -4.90417 -93.0605
-17.4582 -3.70441 -95.2713
-9.58416 -0.690019 -100.668
-19.81 5.7657 -100.467
-17.2373 -1.69148 -99.3279
-5.32175 -6.87575 -104.398
-20.5568 3.64153 -97.5434
-7.68255 -7.21696 -102.855
-18.8873 -0.742468 -96.9492
-13.0312 -8.24331 -94.1862
-16.0018 -6.08074 -92.2905
-12.851 1.08272 -99.4605
-7.77726 -3.40234 -100.286
-11.9922 -1.90281 -97.4806
-8.39308 0.361347 -108.899
-4.13617 -5.44872 -106.263
-11.0406 4.49724 -109.185
-17.2374 4.54642 -103.775
-2.39437 -4.29515 -107.492
-13.6826 0.50483 -98.4076
-19.232 5.20985 -101.112
-9.5059 -7.08861 -101.604
-9.34824 -1.25589 -107.404
-3.3242 -8.64718 -102.545
-14.8147 7.61907 -107.057
-5.38677 -10.1767 -98.9459
-6.75024 -9.41539 -99.6926
-12.6273 -6.65819 -98.9496
-16.9148 5.80223 -104.584
-12.4815 1.07803 -106.782
-5.73442 -4.55025 -106.495
-12.5475 1.46275 -100.241
-10.7709 0.178912 -107.451
-19.8337 -0.236263 -94.236
-14.7396 5.02614 -106.57
-7.11408 3.32602 -110.517
-9.96621 -8.84512 -97.8871
-12.2871 -1.33111 -97.9281
-6.2436 -0.669652 -108.967
-5.75425 -10.1988 -98.433
-16.4452 5.46991 -104.886
-6.98275 3.02339 -110.366
-11.6528 0.577315 -100.193
-10.8941 1.79761 -108.081
-10.911 2.21052 -102.952
-17.744 1.31654 -101.077
-14.6867 -6.52017 -94.9005
-18.8016 5.72289 -101.856
-7.22707 3.3906 -110.403
-18.8969 5.36273 -101.567
-5.92419 -9.74824 -99.3423
-14.8945 4.1025 -106.005
-7.36473 -3.16291 -101.264
-17.7135 -1.40246 -98.3164
-5.60975 -3.18629 -103.876
-5.28557 -9.77835 -99.6528
-17.2795 0.218941 -100.901
-14.0963 4.1917 -106.621
-5.89223 -5.9057 -104.867
-14.1705 3.58618 -101.859
-5.77917 -5.12576 -105.702
-5.73197 -9.2151 -100.312
-10.0716 5.52178 -109.664
-4.99473 -9.5653 -100.025
-12.6374 3.00917 -107.327
-12.2003 6.34194 -108.601
-4.67683 -8.72738 -101.652
-20.3095 4.23401 -97.8978
-19.712 1.97027 -97.4397
-10.0781 -4.34525 -97.6966
-6.49172 1.08315 -109.665
-19.0633 2.0885 -99.0883
-10.5346 -2.00727 -98.942
-10.3722 -0.107203 -107.299
-9.22731 -0.766727 -101.414
-18.3997 5.42421 -102.202
-16.6247 0.96114 -102.287
-6.86109 -0.969533 -108.36
-8.60011 4.57693 -110.015
-9.83193 -8.26964 -98.6117
-7.19774 -7.20538 -102.523
-13.9017 -3.07659 -95.8779
-13.8273 6.53436 -107.347
-9.54009 1.20975 -108.339
-16.6495 -3.81777 -96.0349
-18.3855 0.459335 -98.691
-19.8435 4.8109 -99.1272
-9.85713 0.663407 -102.468
-7.56384 -1.24559 -103.241
-10.0061 -2.23142 -99.3842
-18.9102 3.59741 -100.284
-11.6569 -7.98466 -96.7227
-5.13622 -9.45878 -99.9532
-17.2558 0.136406 -100.477
-13.3021 -7.12727 -95.8493
-13.9776 -7.28189 -93.1663
-17.0589 -0.0193085 -100.652
-16.1833 -4.10898 -96.272
-8.73172 -1.77643 -106.899
-2.71633 -4.40367 -106.877
-14.6626 -4.67767 -94.692
-12.49 -2.63756 -97.1747
-19.3463 0.190946 -95.4155
-11.0562 -3.14574 -97.9053
-11.2319 2.68122 -103.827
-16.738 -3.51331 -96.1225
-11.5584 1.15812 -101.377
-12.6284 -6.61071 -98.0675
-12.0804 2.47377 -107.257
-8.14189 1.33531 -108.94
-15.9127 7.64414 -105.52
-4.723 -3.91898 -106.852
-13.1148 0.917388 -99.7471
-8.54516 -1.81485 -101.483
-14.8142 -6.55787 -92.4537
-16.8513 -1.40718 -99.2976
-9.6953 1.00659 -103.304
-12.7564 2.94635 -102.73
-8.36131 -2.9394 -106.086
-3.5494 -9.07909 -100.888
-11.6739 -1.42921 -98.8409
-18.2887 0.423344 -98.3439
-14.7405 -4.08861 -95.0696
-12.1363 -6.5271 -98.6978
-2.82819 -2.6246 -108.105
-12.295 0.231671 -99.852
-16.2898 -3.43998 -97.0684
-10.534 -0.374199 -106.66
-5.97988 -5.70235 -104.612
-17.7988 4.67246 -102.265
-13.7254 -6.50432 -95.9175
-11.995 1.43146 -106.696
-16.1209 -3.8937 -96.5557
-17.41 -2.96604 -94.9365
-5.03625 -6.26342 -104.346
-18.9836 0.993159 -97.3554
-3.47523 -1.32593 -108.837
-8.46954 -4.13399 -99.9449
-15.2411 7.50942 -105.879
-15.6682 7.79033 -105.499
-11.3983 3.6928 -107.929
-9.18811 0.128632 -103.199
-7.95096 -2.76864 -106.285
-8.79547 -3.00633 -100.449
-11.3409 0.461359 -106.491
-16.6124 -3.80059 -94.9643
-4.68128 -9.36085 -99.6914
-8.06373 4.31939 -109.833
-15.6485 7.49514 -105.476
-10.0296 -0.0352615 -107.035
-17.8886 -1.52554 -96.1876
-5.32411 -9.02509 -100.027
-10.8791 4.813 -108.591
-18.7608 3.66836 -99.9467
-4.90732 -0.346355 -108.965
-14.196 7.18338 -106.77
-13.8878 -2.33929 -96.7259
-11.2611 5.05751 -108.302
-8.28233 -0.242553 -104.234
-5.72352 -9.70809 -98.0484
-12.8944 -7.61296 -93.08
-10.4653 -0.507513 -101.134
-14.2325 4.16356 -105.808
-7.52018 2.20768 -109.207
-18.1802 1.66967 -99.3053
-16.4496 -1.58974 -99.0497
-13.7261 1.13231 -99.9686
-11.0804 0.0738945 -106.296
-13.1039 6.08201 -107.294
-11.9176 -7.04961 -97.3418
-7.41637 -1.11164 -104.467
-9.84179 -0.219287 -106.896
-13.4971 -4.47759 -95.7802
-8.1747 1.04492 -108.423
-3.95934 -7.61852 -102.65
-14.3875 -1.25868 -97.3489
-11.7617 1.77826 -102.486
-16.8797 1.08992 -100.843
-5.64007 -8.14512 -100.972
-17.378 -0.552069 -98.2728
-7.68893 -4.19515 -101.153
-16.071 2.08824 -102.689
-11.1731 0.559796 -106.371
-2.95351 -4.41401 -106.269
-11.468 0.235901 -101.094
-16.2891 -3.58245 -95.6389
-8.66219 -6.85623 -101.077
-11.2603 0.0216396 -105.989
-7.77658 -2.07184 -106.602
-15.159 6.35443 -105.434
-12.1806 3.63291 -107.11
-10.7606 0.201528 -106.437
-6.31066 -8.60845 -99.763
-6.28075 -8.50304 -99.9812
-9.45516 0.311959 -103.496
-9.59533 -8.39633 -97.1434
-13.2954 4.82259 -106.672
-14.2117 4.40906 -104.558
-16.2736 -3.48207 -95.4763
-4.20546 -5.33797 -104.949
-18.3517 4.61647 -100.516
-11.708 2.8136 -104.565
-13.3325 6.56115 -106.93
-11.827 0.833844 -105.909
-4.20409 -4.73156 -105.547
-8.77092 -6.87308 -100.735
-7.88651 -9.63369 -95.3232
-2.90328 -7.15451 -103.168
-11.7339 -1.23288 -99.5724
-15.9443 4.25436 -103.762
-6.00224 -4.07384 -103.948
-5.99481 -3.77249 -104.268
-3.56659 -8.17702 -101.532
-8.89866 4.53435 -109.16
-7.73386 3.55892 -109.362
-7.79393 3.73302 -109.394
-11.4864 5.2889 -107.95
-6.9607 3.92105 -109.633
-13.9767 -6.33492 -92.9726
-12.4379 -7.10764 -94.8905
-11.0033 -8.26335 -94.0496
-9.23011 -9.07109 -94.695
-18.5402 6.49246 -100.717
-5.35428 -8.64017 -99.7467
-9.08887 -2.57916 -101.188
-3.13631 -6.94988 -103.186
-8.5491 -8.23003 -98.1228
-5.97782 -6.43245 -102.874
-9.46969 -6.20993 -100.926
-15.4227 3.88559 -104.011
-10.5797 -0.0356271 -102.099
-17.6969 -1.97753 -93.7971
-15.7997 4.24511 -103.738
-9.55627 2.99248 -108.192
-13.5507 2.51894 -102.357
-19.3582 1.53607 -94.9512
-13.9802 -0.468076 -98.7089
-10.1872 -0.44867 -102.281
-4.54827 0.00808964 -108.579
-9.98375 -8.07323 -96.3005
-7.89647 -4.08346 -101.555
-4.78838 -7.96443 -100.964
-9.05194 -1.07449 -102.978
-12.9156 6.75749 -106.982
-13.3621 -0.36499 -99.4068
-10.2768 -8.49993 -94.2224
-6.77517 -9.40692 -96.5648
-14.6766 -1.98181 -97.2193
-9.28662 -3.82566 -100.137
-6.97094 0.987332 -108.335
-5.1797 -4.52776 -105.108
-13.1419 -6.63617 -94.0514
-13.516 1.87419 -101.734
-9.45876 -7.47345 -98.454
-9.46068 0.393974 -104.316
-17.1256 -2.86207 -92.6223
-15.7641 -3.77248 -95.2854
-9.75862 -1.92743 -101.429
-12.9426 1.95873 -102.588
-3.55256 -0.353858 -108.447
-18.6961 3.91418 -98.5899
-5.41108 2.07544 -109.186
-10.9817 -2.88111 -99.3827
-15.6542 0.855457 -101.506
-17.5599 6.91101 -101.928
-15.8215 0.537928 -101.01
-10.9941 -0.0387472 -102.062
-14.6368 2.45054 -101.779
-8.32115 1.99612 -108.092
-9.82707 -0.886003 -105.685
-6.96591 3.62336 -109.261
-12.8257 3.47497 -105.929
-9.2929 -0.734724 -106.107
-12.1337 -3.9398 -97.7085
-8.77889 -0.860028 -106.309
-11.2109 -6.7923 -97.2911
-3.3198 -1.65142 -107.704
-9.51931 -1.92382 -101.924
-11.2606 -7.77401 -93.4451
-15.8879 1.46846 -101.409
-6.71575 -2.6138 -105.844
-4.41635 -7.56707 -101.254
-7.6791 -4.19753 -102.18
-8.07364 -8.86773 -95.7853
-13.061 1.65019 -102.288
-16.0741 6.62391 -103.599
-15.3467 -4.4528 -93.2106
-5.17617 -4.98379 -104.274
-15.1415 3.83235 -103.707
-7.62935 -8.698 -96.8506
-17.5689 -1.09503 -94.8017
-9.97025 -7.30283 -97.5061
-17.3069 -2.03756 -93.1887
-15.9511 -3.10949 -95.3622
-6.16469 0.908789 -108.281
-18.1786 2.02216 -97.7995
-17.6582 -0.185517 -96.2787
-4.10841 -6.56549 -102.56
-7.8382 -4.00465 -102.359
-7.72573 3.40239 -108.594
-11.0611 -7.61565 -94.0315
-13.9409 -4.88461 -95.7851
-17.1109 -2.20635 -92.6376
-4.84475 -4.19139 -104.979
-8.5893 2.03887 -107.667
-9.33777 1.24677 -106.901
-3.16045 -1.96683 -107.194
-14.2213 -1.73174 -98.1758
-4.34643 -8.17477 -99.9825
-15.9083 -2.14218 -96.9975
-4.29313 -0.157642 -108.09
-6.05514 -8.60447 -98.1328
-16.0845 -3.0944 -94.3516
-18.5015 1.29733 -95.5573
-4.33126 -7.02827 -101.845
-6.58052 -3.7797 -104.541
-13.854 -5.09595 -95.4307
-11.9083 -5.38086 -98.0798
-6.62931 -7.56805 -99.5227
-17.3006 -0.0949436 -96.4874
-8.75784 -6.93231 -98.9489
-7.22029 -7.25708 -99.6658
-18.3189 0.32466 -93.6855
-9.4934 -2.81435 -101.559
-10.6262 1.02126 -104.707
-16.5724 6.3357 -102.448
-4.49517 -2.31934 -106.468
-12.7002 -3.97161 -97.7901
-4.07338 -1.00223 -107.474
-7.04862 0.72121 -107.536
-8.50571 3.78378 -108.223
-9.17197 1.29496 -106.84
-12.474 -6.64356 -93.2133
-16.4136 7.66692 -102.959
-10.464 -7.35468 -95.7042
-16.8884 -0.132746 -97.4537
-15.1568 -4.00898 -94.1459
-18.6658 3.23852 -96.5315
-8.60263 -2.17086 -103.614
-17.99 2.63668 -97.6935
-8.89833 1.66533 -106.991
-8.94094 -6.22061 -99.718
-15.8504 -1.70555 -97.0113
-13.9196 0.425752 -100.77
-17.4617 3.14227 -99.2321
-7.96208 -8.21587 -96.4606
-15.705 6.14881 -103.248
-3.89739 -5.77623 -103.15
-12.4324 6.47891 -106.43
-18.3084 4.39819 -98.3839
-3.14202 -4.19466 -105.017
-10.9457 -0.353513 -102.695
-16.682 2.29565 -99.9861
-13.8292 5.76955 -105.097
-13.5748 3.41016 -104.482
-15.8001 3.7382 -102.185
-7.632 -8.11585 -97.1115
-16.4741 -0.342259 -97.2604
-9.66823 3.57789 -107.21
-12.609 4.55383 -105.567
-16.4798 -1.61632 -94.9294
-9.98437 -6.68796 -97.2708
-15.0099 -3.44802 -94.9773
-17.8299 -0.0668176 -93.3385
-17.9022 5.59502 -99.5207
-15.7562 -0.361316 -98.6968
-11.6952 4.72921 -106.319
-17.9206 5.04821 -99.2156
-5.41375 -4.58063 -103.751
-9.02306 2.27973 -107.029
-8.13809 -5.10327 -101.702
-17.325 1.25911 -97.373
-5.17784 -4.04367 -104.385
-11.2345 -1.15197 -101.739
-2.39055 -4.04043 -105.087
-13.6863 1.79123 -102.894
-15.1165 0.242328 -100.375
-11.6352 -4.82937 -98.3405
-17.7142 2.32901 -97.1889
-2.98773 -3.58513 -105.187
-18.0259 1.03863 -94.3337
-2.79374 -6.46555 -102.046
-15.6788 -2.35533 -95.0964
-9.59064 2.37004 -106.565
-15.6042 3.01114 -101.504
-4.61888 -2.52183 -105.692
-16.8574 5.01178 -100.736
-13.7326 0.884496 -101.929
-12.6928 2.852 -104.579
-13.5741 -3.53316 -97.5777
-7.81677 -0.75071 -105.75
-4.56541 -0.130199 -107.341
-15.4917 5.21778 -102.71
-13.7425 4.89421 -104.477
-12.4516 -4.38627 -97.9268
-17.6554 -0.0646558 -93.3072
-12.3797 0.670718 -102.942
-13.6729 3.75807 -103.861
-17.2129 3.44427 -98.8601
-4.84354 -7.0161 -100.229
-3.95732 -4.64204 -103.698
-15.4045 -0.675849 -98.178
-10.412 2.55444 -105.944
-11.1534 0.24023 -104.075
-5.29255 -1.56664 -106.001
-9.84116 -2.53939 -102.411
-17.8607 1.59842 -95.2833
-12.2712 3.78477 -105.126
-15.0002 -1.37559 -97.9854
-12.4757 2.31161 -104.263
-11.962 -4.81788 -97.449
-10.2799 -3.73882 -100.859
-11.3104 -4.29319 -99.278
-15.1704 7.95952 -103.528
-10.8551 -4.72553 -99.1427
-15.8825 1.16713 -99.3722
-12.12 -5.67937 -95.0069
-15.8539 7.25411 -102.318
-5.807 -7.29234 -98.8377
-10.0346 -6.61233 -95.8589
-6.33444 -7.60195 -97.8007
-17.2641 6.63778 -100.06
-11.5299 -2.57879 -100.825
-16.0952 0.195654 -97.4845
-12.8535 6.33684 -105.237
-12.4757 1.7179 -103.683
-9.06058 0.249206 -105.304
-17.8318 5.16244 -98.3218
-12.0185 -1.20529 -101.663
-13.8359 7.77829 -104.635
-8.21749 -4.44671 -101.627
-13.049 -0.313127 -101.616
-12.4377 -3.38846 -98.8062
-10.4039 6.5128 -107.035
-2.88213 -3.06715 -105.219
-5.27913 -6.77001 -100.09
-16.7356 -1.03311 -92.9588
-7.43066 -2.75778 -103.653
-5.30455 -4.59759 -102.762
-13.8902 5.19404 -103.712
-9.50518 -3.85805 -101.051
-9.55314 -3.61502 -101.31
-7.01651 3.71221 -107.747
-12.8913 4.45852 -104.396
-6.60162 -4.0951 -102.729
-4.01095 -5.8603 -101.67
-16.5872 6.84094 -100.886
-14.2839 -1.33772 -98.4778
-9.28557 -5.55093 -98.7331
-6.50814 -0.851125 -105.623
-11.4164 -6.25341 -93.0205
-6.70393 2.66765 -107.468
-11.381 -3.29119 -99.9188
-11.0845 -5.17191 -97.1575
-8.40589 3.10282 -106.905
-9.01253 -4.7749 -100.242
-16.2991 -0.50416 -95.2885
-15.0233 3.7867 -101.52
-12.8586 5.14056 -104.419
-11.9118 -4.64219 -96.386
-13.5722 6.56705 -104.165
-13.5393 -2.11095 -98.2035
-10.7094 1.602 -104.561
-5.01731 -1.53493 -105.447
-10.9088 -1.12333 -102.438
-11.9789 -5.46386 -93.7446
-5.73155 -4.95928 -101.846
-8.75794 -5.83581 -98.3421
-10.2834 -6.0483 -95.7943
-6.57081 -5.66774 -100.409
-12.1806 -4.73715 -95.6049
-8.87761 -6.4965 -96.7772
-11.6017 3.93706 -105.022
-3.55077 -6.19085 -101.036
-6.86102 -2.64583 -103.79
-5.35818 -2.38238 -104.66
-6.00097 -7.60822 -97.1043
-8.30199 0.605981 -105.252
-17.4485 3.07755 -96.0672
-16.6564 1.39879 -96.1644
-12.0376 -3.00923 -98.708
-6.44239 -4.30819 -101.979
-13.2324 4.86238 -103.714
-15.0333 4.41928 -101.508
-11.8819 4.34486 -104.712
-10.6489 -4.93303 -97.3057
-7.69848 0.0651879 -105.225
-9.47446 -0.471475 -103.804
-8.63755 -1.55267 -103.486
-9.52707 6.63161 -106.939
-15.987 6.45653 -101.003
-8.28301 -5.75929 -98.528
-12.0967 3.94228 -104.375
-8.81672 -6.56228 -96.1147
-11.9602 6.98107 -105.395
-16.2414 1.41557 -97.2171
-4.57163 -0.395916 -106.136
-15.6979 4.7702 -100.399
-7.75443 4.89971 -107.189
-7.16286 -1.11387 -104.402
-7.68349 -2.99282 -102.43
-11.9787 -0.752945 -101.109
-10.1485 -5.72166 -95.6396
-3.6644 -2.61724 -104.462
-8.91949 -4.8757 -99.0242
-14.5556 5.03582 -102.061
-9.52481 -1.55391 -102.58
-15.3338 -1.09093 -94.8768
-8.31195 2.73428 -106.129
-6.12489 -4.97605 -100.968
-11.6881 1.20691 -102.981
-8.96114 -6.58081 -95.1524
-14.9009 -2.4375 -92.1826
-11.1873 -5.3442 -94.613
-11.2635 -1.30282 -101.31
-16.5543 3.28446 -97.9213
-13.6561 -3.20128 -94.6034
-7.26814 -5.95745 -98.1743
-9.01322 5.24921 -106.437
-4.72203 -5.71912 -100.233
-15.3985 0.0922273 -96.2485
-15.2503 1.52122 -98.3661
-3.25252 -3.29071 -103.667
-8.84885 1.10367 -104.734
-14.4279 -0.179593 -97.9226
-3.65328 -3.10033 -103.752
-9.35716 0.340814 -103.921
-4.65721 -6.48788 -98.9687
-13.6121 -0.561851 -98.8219
-9.56071 -5.04633 -97.5274
-14.3666 4.26846 -101.624
-9.34938 4.84236 -106.127
-4.24232 -2.54982 -104.095
-15.4171 0.671925 -97.0483
-10.9302 1.61922 -103.599
-13.7174 -2.52969 -95.4024
-11.6469 -5.23648 -92.4474
-11.6362 -0.232995 -101.258
-9.74853 5.21916 -105.757
-16.6511 5.50642 -98.2777
-6.24709 -4.12799 -101.309
-12.1538 -4.19896 -94.1103
-6.26264 -5.06452 -100.013
-16.6787 4.33233 -97.4675
-10.5024 -2.58928 -99.9013
-11.165 -5.07597 -93.7641
-9.38494 -6.00894 -94.6647
-12.1731 -0.663812 -100.244
-12.6493 -4.18237 -92.1743
-13.6092 -0.587818 -98.3308
-10.3851 -5.11064 -95.4921
-6.20397 -4.59836 -100.718
-10.5303 -3.84334 -98.0096
-8.84903 1.73203 -104.829
-11.371 -4.24464 -95.8525
-10.779 2.14818 -103.742
-10.8348 3.68926 -104.466
-3.8936 -0.17986 -105.465
-14.9829 -0.688186 -94.4014
-8.91145 -3.55204 -99.7747
-9.52212 -5.47439 -95.2936
-9.46722 -1.83015 -101.364
-15.9585 2.66485 -97.0487
-14.021 7.13404 -102.373
-15.8395 2.71425 -97.3638
-9.97692 5.3124 -105.381
-6.84793 -4.55378 -99.9853
-10.3234 0.609852 -102.804
-5.48173 -2.12784 -103.461
-10.1092 -0.335092 -102.236
-11.595 7.26343 -104.694
-8.65891 -3.45389 -100.131
-11.9228 -4.42986 -92.7366
-4.16013 1.25793 -106.253
-11.6554 -3.543 -96.2584
-4.7806 0.861926 -105.864
-12.3726 -4.17287 -91.9408
-10.8214 -3.4568 -97.2135
-4.819 2.56999 -106.466
-12.0285 1.37517 -101.459
-13.832 -2.33377 -92.4681
-12.4738 -3.19338 -94.4994
-10.0343 4.13075 -104.658
-9.35334 4.29202 -105.161
-14.6549 1.55145 -97.9991
-14.6011 0.444445 -96.7514
-15.5612 3.71389 -98.2599
-11.1534 -4.63026 -93.3489
-8.5023 -4.65104 -97.949
-15.97 5.67228 -98.7097
-12.4512 6.68346 -103.553
-6.42131 -5.13151 -98.9323
-8.85602 -1.03489 -102.255
-15.5755 5.54274 -99.341
-7.35705 -5.78966 -96.813
-5.70327 -4.25038 -100.697
-9.28034 -2.13257 -100.82
-5.27367 -3.39217 -101.592
-6.23979 0.62361 -104.652
-12.0951 -3.79343 -92.1053
-5.67029 3.97373 -106.51
-2.98439 -4.25347 -101.36
-5.70574 -6.35298 -96.4127
-6.52596 -6.13578 -96.1835
-6.8577 -2.2333 -102.044
-10.8121 -3.16623 -97.1755
-3.95689 -2.77836 -102.743
-4.91784 -0.0433638 -104.708
-14.1278 3.3042 -99.859
-12.3762 0.933689 -100.321
-14.0991 2.61213 -99.3974
-5.67626 -0.122105 -104.382
-12.6974 5.30288 -102.577
-8.52976 -5.72826 -94.5883
-3.67316 -5.01133 -100.117
-13.2982 0.463182 -98.6033
-4.23846 -3.49262 -101.889
-6.79976 1.93524 -104.884
-5.75304 -2.13533 -102.352
-3.34278 -1.81544 -103.482
-4.89763 -5.73641 -97.8026
-3.70212 -6.04562 -97.8183
-9.45205 5.99681 -105.072
-4.39358 2.99265 -106.245
-9.94186 4.89643 -104.417
-11.1141 6.6124 -104.055
-13.2267 3.42887 -100.718
-13.1938 -0.618333 -96.7968
-10.0417 -5.00869 -92.4879
-4.38294 0.75723 -105.097
-11.7389 1.1258 -100.801
-7.93147 3.66505 -105.156
-5.91779 -6.44815 -95.1696
-6.29357 3.54072 -105.85
-14.952 5.9349 -99.6157
-7.63017 4.5885 -105.654
-5.68824 -4.41353 -99.6284
-2.49539 0.406665 -105.005
-11.7084 0.459305 -99.8106
-15.752 3.87038 -96.1593
-3.6063 1.48263 -105.426
-2.8355 -2.80737 -102.31
-9.51929 -1.5369 -100.032
-11.1874 5.46254 -103.347
-7.10185 1.68276 -104.298
-7.75347 -0.477883 -102.424
-13.8424 3.84609 -99.7239
-13.9454 5.2211 -100.323
-10.2584 -4.5617 -92.4861
-9.07993 1.98075 -103.321
-12.9239 1.05185 -98.7843
-15.9326 2.5941 -93.8384
-10.7686 -1.83037 -98.2699
-11.8359 6.02911 -102.96
-9.47744 1.26325 -102.575
-7.98012 2.98801 -104.531
-4.01601 -1.2882 -103.426
-8.25204 0.298787 -102.37
-8.80623 -2.94931 -98.3632
-14.4282 3.08474 -97.6761
-4.56453 -4.38522 -99.3256
-8.37536 -2.1796 -99.8363
-6.07442 3.09906 -105.172
-8.09658 -1.75032 -100.565
-12.3573 1.28407 -99.3042
-9.94178 2.59807 -102.71
-12.9345 6.14706 -101.515
-14.827 1.17768 -94.1159
-9.49152 3.60469 -103.566
-10.7563 0.058497 -100.04
-7.00068 2.50363 -104.481
-13.087 4.642 -100.723
-4.67079 3.33319 -105.754
-8.70663 -4.87377 -94.1931
-4.87801 -0.288348 -103.609
-9.13167 -3.46118 -97.1054
-11.4019 7.37571 -103.328
-14.0018 5.72639 -99.5488
-11.3899 7.3492 -102.982
-12.108 6.68754 -102.16
-5.14267 -5.76234 -95.5006
-11.8684 5.63568 -102.071
-15.1463 4.43727 -96.7113
-9.00022 -2.39963 -98.4393
-8.57403 -3.06721 -97.8503
-13.6134 0.724549 -95.8614
-5.78258 4.62709 -105.586
-3.72029 -0.890005 -103.155
-5.56529 2.49694 -104.773
-15.757 5.31067 -95.905
-6.8815 -0.461174 -102.211
-9.72985 1.62479 -101.883
-7.42175 5.5644 -105.184
-14.1433 0.0803826 -92.6048
-8.58949 -3.13897 -97.7116
-13.1369 7.73439 -101.292
-14.1426 4.04737 -98.3786
-8.19566 -3.40725 -97.0323
-9.98099 -3.18961 -94.7562
-12.4913 3.45007 -99.8747
-5.24856 -5.21137 -96.0779
-4.88645 -3.10154 -100.035
-14.5471 5.1686 -97.8147
-6.40319 -3.78764 -98.0739
-14.2036 1.47192 -94.6483
-9.11451 -2.82431 -96.9936
-14.1076 4.12236 -97.9138
-7.3464 5.05575 -104.751
-9.36721 -1.43175 -98.8424
-3.55336 -0.409813 -103.23
-6.58376 -4.69873 -96.0554
-11.2445 1.19525 -99.6262
-7.72797 -0.625782 -101.133
-14.5068 6.48194 -98.5474
-10.8484 5.70644 -102.651
-13.4104 3.63619 -98.7182
-11.3651 2.36565 -100.446
-8.50983 -0.16776 -100.547
-8.95232 4.08474 -103.1
-3.82381 2.57117 -104.712
-6.68529 1.55857 -103.07
-8.94532 -1.97565 -97.9699
-9.46513 5.87077 -103.411
-3.6589 -2.27063 -101.07
-3.74246 -3.88495 -98.9216
-14.5863 3.73156 -95.8635
-4.99105 2.32119 -104.234
-13.4067 4.94927 -99.0203
-9.63099 3.97766 -102.561
-14.0693 7.17219 -98.9602
-6.36971 -3.41041 -98.1431
-4.3668 2.73778 -104.646
-6.15323 -5.00288 -94.828
-2.92573 2.00479 -104.617
-5.60695 -4.2416 -97.229
-9.96769 -2.83076 -94.7594
-3.00499 1.97641 -104.586
-13.7575 2.92379 -96.1235
-12.7916 -0.329426 -92.4889
-5.0487 -0.682552 -101.72
-8.90524 3.40974 -102.423
-4.51598 -3.90731 -97.9302
-11.644 1.72617 -98.5536
-10.9962 7.377 -102.197
-11.8622 6.41752 -101.099
-12.4084 5.12877 -99.9604
-6.3818 -0.795834 -100.947
-11.5258 7.72655 -101.768
-2.661 -1.12963 -102.068
-8.95954 1.95852 -101.501
-12.2868 7.98826 -101.02
-10.3452 1.54141 -99.9345
-11.0649 -1.69947 -94.1867
-11.5964 -1.68989 -92.3211
-12.3699 6.42117 -100.531
-10.4494 1.29689 -99.6092
-6.32245 -2.36967 -99.1692
-11.8396 2.25289 -98.1871
-2.60279 -2.34338 -100.368
-2.75007 -2.11312 -100.601
-9.65627 0.73487 -99.395
-6.19365 4.46366 -104.062
-9.69401 3.20092 -101.27
-5.5761 -3.41085 -97.481
-13.6449 4.87588 -97.375
-6.18843 5.47786 -104.417
-12.3144 -0.566204 -91.786
-12.1237 -0.322342 -93.6446
-5.02807 -3.51679 -97.6723
-12.0835 1.60601 -97.1212
-14.109 6.3813 -97.3774
-13.5535 1.66228 -93.6713
-12.1774 3.85606 -99.0043
-8.52395 -1.4335 -97.9926
-5.57724 3.2378 -103.784
-5.61683 -2.67515 -98.6495
-6.76856 0.114152 -101.121
-4.55516 -3.29027 -97.7033
-10.9517 0.498881 -96.8506
-9.38537 -0.301945 -97.9375
-11.4799 -0.791119 -92.8972
-11.5527 1.77673 -97.4863
-2.17065 -1.58848 -100.839
-5.54431 -3.57967 -96.4483
-11.2917 1.59037 -97.6769
-4.70327 -0.130741 -101.496
-11.2424 5.00551 -100.277
-1.71302 -0.868604 -101.634
-4.17554 3.28297 -103.928
-10.651 2.08655 -99.0077
-4.9257 -4.06198 -95.8785
-12.7392 7.81443 -99.454
-5.46055 -3.21463 -97.2364
-12.5057 2.20203 -96.3068
-10.5603 3.25846 -100.009
-13.7634 2.69667 -93.7104
-4.63523 -2.05071 -99.4957
-6.95041 -1.34264 -98.3612
-6.54181 -3.68353 -94.0331
-11.4345 -0.265633 -93.2134
-5.31859 0.832804 -101.594
-10.5229 6.7155 -101.178
-12.8095 3.95218 -96.7801
-8.71561 -2.36724 -94.1994
-1.91528 0.404976 -102.266
-9.42017 6.53825 -102.072
-4.53656 2.48095 -103.015
-4.17646 -0.967651 -100.435
-9.111 -0.916003 -96.6872
-13.7933 6.83074 -96.7733
-10.2558 0.190331 -96.7454
-6.90833 1.97021 -101.604
-13.4009 6.35073 -97.3092
-11.8555 1.3354 -95.578
-7.2988 0.794689 -100.437
-4.28203 -2.38905 -98.6446
-10.3171 0.976771 -97.6878
-9.01165 -2.12146 -92.7986
-5.16314 1.08834 -101.414
-2.18922 -2.57068 -98.5444
-9.58475 8.26909 -101.871
-13.3364 6.49222 -96.7625
-9.31325 3.38081 -100.294
-10.2144 1.81908 -98.082
-5.80229 5.48025 -103.485
-10.0776 -0.939588 -93.8688
-10.5193 -0.611467 -93.5919
-8.36774 5.68412 -102.147
-13.7371 4.86359 -94.5565
-10.6962 2.42824 -98.05
-6.10778 0.655188 -100.576
-6.82923 6.91106 -103.403
-1.9017 -2.23344 -99.0845
-11.1228 3.08987 -98.0638
-8.009 -2.63718 -93.4898
-4.88595 -2.54916 -97.4051
-2.86605 0.461826 -101.697
-5.57036 -0.326871 -99.3941
-7.10761 -1.58097 -96.4219
-4.64537 0.0930263 -100.3
-6.23125 0.388185 -99.7353
-10.6107 1.78346 -96.7747
-8.93722 3.67823 -100.303
-7.10915 4.91931 -102.221
-13.0824 3.28076 -93.005
-7.14197 1.2843 -99.9536
-5.27898 -3.47844 -93.9715
-5.48772 -1.57639 -97.8553
-4.63025 -0.0261909 -100.191
-3.73284 3.28341 -102.9
-9.94115 1.57155 -97.4963
-10.715 -0.378222 -91.6729
-2.80432 1.6021 -102.127
-9.66166 -1.20164 -92.5797
-6.23284 5.99952 -103.061
-5.98262 0.597116 -100.088
-6.65729 -2.93703 -93.7095
-2.86848 -0.378496 -99.9494
-6.99507 2.57643 -100.551
-4.8966 0.431446 -99.9849
-12.0974 5.88838 -97.1922
-7.08298 -0.0271735 -98.0428
-11.4595 7.53573 -98.7992
-9.48668 2.2971 -98.1307
-5.36986 6.27516 -103.114
-10.8165 4.37317 -98.1615
-11.1523 1.28815 -93.845
-4.40655 1.03566 -100.741
-6.8221 -1.31586 -96.3763
-10.6783 3.89407 -98.0002
-9.67093 -0.902533 -91.5075
-8.03438 0.602728 -97.9111
-11.8368 2.3742 -94.0933
-6.88442 5.19398 -102.023
-4.78258 1.79037 -101.176
-6.06504 0.627507 -99.525
-4.7968 -2.62916 -95.6928
-10.4584 4.18799 -97.836
-8.01967 7.44848 -101.544
-12.1632 3.63251 -93.9607
-8.67825 3.55675 -99.3716
-6.18845 1.79315 -99.9483
-8.46364 -0.544538 -94.6512
-4.78803 3.07158 -101.551
-6.16665 -0.579233 -97.3906
-6.27305 3.62903 -101.16
-10.5398 3.07576 -96.7494
-2.8001 1.7135 -101.298
-6.36233 0.602259 -98.7093
-9.31736 0.663542 -95.5315
-11.4872 5.67818 -97.3277
-5.3329 2.12382 -100.679
-11.0211 1.86149 -94.081
-5.1165 -1.10951 -97.4059
-4.52721 2.53522 -101.32
-5.99888 -1.68981 -95.6334
-10.7099 6.02913 -98.5961
-3.83102 -0.494106 -98.2904
-11.4729 3.34169 -94.1833
-11.6574 3.04738 -93.0103
-9.42281 7.60227 -99.9393
-10.6039 5.66995 -97.8989
-11.5422 5.11437 -96.0336
-10.0607 3.49453 -97.0882
-9.74108 1.0593 -94.3364
-7.49419 4.54765 -100.383
-1.94256 -0.383098 -99.0361
-5.72383 0.367827 -98.2603
-11.0899 4.62772 -96.4621
-5.49127 5.01246 -101.765
-9.52659 6.90766 -99.6505
-3.50718 4.3762 -102.219
-6.18222 -1.95711 -93.4788
-8.61788 7.51983 -100.625
-4.88112 -1.62823 -95.8681
-10.2688 7.66116 -99.077
-2.62821 -1.28625 -97.6813
-4.11491 1.8619 -99.9771
-6.80249 0.602839 -96.953
-9.47966 5.74855 -98.6488
-7.1234 -0.868225 -93.7033
-8.25347 2.31718 -97.4726
-10.9259 3.19065 -94.1071
-9.47069 3.54203 -97.1773
-10.3368 5.56011 -97.4934
-9.87382 4.20207 -97.1936
-1.91597 2.19152 -100.847
-9.76151 5.31511 -98.0959
-3.63938 4.02415 -101.554
-10.6779 2.84765 -94.1807
-3.60595 3.70062 -101.393
-8.39432 -0.234751 -92.6968
-4.75978 3.90564 -101.083
-6.19935 -0.642543 -95.5725
-7.30878 -1.06442 -92.5601
-8.44236 8.13947 -100.373
-8.90035 3.45665 -97.8049
-8.79161 2.85425 -96.6062
-3.24389 -1.08057 -96.1812
-6.14748 -1.1935 -92.8909
-4.30849 3.36329 -100.446
-6.32363 1.63623 -97.8779
-3.01459 2.66063 -100.422
-3.71755 -0.767863 -96.4691
-5.65705 5.71849 -101.013
-7.50721 3.78934 -98.7781
-1.43651 1.68499 -100.006
-4.2556 0.413554 -97.8603
-10.7608 6.52688 -96.6131
-5.63768 -1.24193 -93.6539
-9.3029 7.19225 -98.7849
-3.16074 0.439546 -98.3821
-2.345 -0.149762 -97.9356
-4.58471 2.33682 -99.5961
-3.54544 0.939967 -98.7786
-9.60132 1.85069 -93.6221
-11.1294 7.41529 -96.3929
-8.9463 3.10696 -95.7809
-7.45975 7.74679 -99.9893
-6.81076 3.18034 -98.2546
-7.31553 1.52267 -95.9683
-4.89915 -0.975452 -94.0115
-4.71198 3.49417 -99.8132
-7.08196 2.06712 -96.9254
-7.095 5.72332 -99.6013
-11.1968 5.26488 -93.5594
-7.79753 0.903926 -94.1585
-8.01834 1.35226 -94.6717
-4.2342 6.24389 -101.331
-4.04872 4.09182 -100.459
-7.29581 3.19089 -97.8393
-2.99396 2.24122 -99.5653
-2.06253 0.0735294 -97.5956
-2.49456 0.240528 -97.6875
-5.31249 3.04437 -99.1829
-7.80096 3.65801 -97.7432
-2.46527 3.60424 -100.653
-10.8888 6.52256 -94.3368
-3.24144 4.14352 -100.238
-6.6403 4.46883 -98.6771
-2.0663 0.0244006 -96.7608
-9.47862 2.65082 -92.395
-4.82654 2.03761 -97.9536
-3.73344 3.25817 -99.5069
-4.91937 0.610713 -96.1255
-7.78627 6.14399 -98.6224
-3.16248 -0.3127 -95.7656
-6.61457 5.44473 -99.2397
-7.68537 6.35827 -98.8023
-8.79562 1.60768 -91.2703
-7.43165 0.401751 -91.4328
-6.47882 0.680079 -94.5861
-10.0702 6.23001 -95.8376
-5.42659 0.649671 -95.7468
-5.38432 -0.39565 -93.5432
-4.83254 0.788204 -96.4565
-10.4664 7.16745 -95.6531
-2.62435 2.38262 -98.5912
-10.6374 6.32908 -93.4397
-8.84095 2.59563 -92.3844
-3.51853 3.78659 -99.3701
-9.12636 2.955 -92.3947
-4.86629 6.42317 -100.108
-9.58681 8.39645 -96.6334
-8.36595 3.76152 -95.4877
-7.79334 3.85935 -96.3742
-7.16531 1.44503 -93.7886
-8.63773 4.44089 -95.7864
-5.09575 0.884081 -95.4641
-8.6727 2.87268 -93.5831
-8.73847 3.04178 -93.7538
-4.96152 3.97304 -98.8327
-7.93933 1.91919 -93.2389
-8.07116 2.34556 -93.8956
-10.5353 6.67374 -94.0552
-4.90806 -0.376087 -92.5963
-8.16632 1.90765 -92.5578
-8.23659 8.23242 -97.5318
-3.79809 1.06917 -95.8093
-8.3235 5.07509 -95.8769
-8.69991 7.87336 -96.8939
-9.80439 5.2233 -92.9582
-7.60986 3.43069 -95.2028
-8.80567 3.86299 -93.567
-7.70853 6.52156 -97.5134
-7.72308 2.44454 -93.3502
-6.82231 8.56433 -98.8879
-8.90681 3.89972 -93.3689
-8.94671 4.48993 -94.1898
-7.84479 2.53238 -93.2612
-4.14315 4.38028 -98.9004
-6.93641 5.61372 -97.7922
-8.78227 8.38078 -96.9204
-9.48493 7.64306 -95.6718
-4.82982 1.53524 -95.7511
-6.67051 1.5795 -93.5434
-5.22667 6.37034 -99.3467
-5.8356 5.09346 -97.6912
-7.70543 4.90359 -95.6516
-7.96907 3.39659 -93.1631
-5.61746 6.95533 -98.7297
-5.40838 3.42761 -96.7004
-8.35351 3.74184 -92.8467
-7.2711 7.61116 -97.6444
-5.23536 0.756485 -91.9903
-7.87944 3.05493 -92.5923
-7.43451 3.66864 -94.6828
-2.89907 3.7437 -98.3374
-6.09398 1.41194 -92.4666
-7.57554 4.17237 -95.0939
-7.86136 5.74452 -96.1093
-4.79006 6.18868 -98.9216
-7.99908 3.48492 -93.2705
-4.25538 2.76726 -96.8438
-4.18664 5.43556 -98.8728
-1.66461 4.39151 -99.0863
-3.71054 2.36888 -96.7225
-2.03324 3.58816 -97.8115
-4.47974 7.76388 -99.0039
-8.08003 3.81416 -91.6205
-5.43781 1.8989 -93.3496
-2.40666 3.36697 -97.52
-8.60773 6.7217 -94.6356
-5.0479 3.06763 -95.7515
-6.77356 5.66417 -96.4732
-3.23074 1.62776 -95.083
-6.10412 7.2604 -97.8489
-6.77956 2.68412 -92.6254
-1.99968 3.54594 -97.7851
-6.70468 6.43286 -96.9878
-6.68423 3.44214 -94.3475
-4.16928 5.81523 -98.456
-2.70581 1.6449 -95.4025
-9.17686 7.33007 -93.8455
-2.70579 4.10041 -98.0141
-4.30226 1.20668 -93.2329
-3.81976 4.44195 -97.8107
-2.34169 3.9686 -97.3451
-6.98348 3.55622 -92.3526
-8.03528 5.58561 -93.4349
-4.34741 4.98174 -97.2064
-6.27394 3.77022 -94.2287
-8.55978 6.40857 -93.0868
-6.57737 2.94029 -91.6118
-8.48779 5.58305 -92.0171
-3.70497 1.75426 -93.7535
-1.93736 2.39676 -95.8454
-5.85239 3.19738 -93.9363
-7.94757 7.28105 -95.0248
-4.09953 7.77166 -98.5935
-6.91883 7.94158 -96.6085
-5.14975 6.70942 -97.652
-6.40061 7.80465 -97.0719
-5.62986 4.98331 -96.2637
-7.84884 4.8654 -92.8034
-2.56251 3.71028 -97.0519
-4.04668 2.51493 -94.8548
-5.01801 4.09211 -95.0678
-3.37646 4.05795 -96.2413
-4.12258 7.84977 -97.9831
-3.14891 1.94007 -93.2432
-3.67502 3.10355 -94.9586
-6.74887 3.80105 -91.1573
-3.77114 4.22598 -96.1757
-7.16686 5.48117 -93.7204
-2.76605 1.79226 -93.2117
-4.63038 5.43236 -96.5888
-6.64761 3.78679 -91.6148
-4.06295 4.7121 -96.4221
-7.3775 5.99405 -93.8881
-6.63842 6.85505 -95.6273
-1.69537 5.02674 -97.599
-2.40784 3.05 -95.6052
-3.76762 7.64958 -98.1007
-1.67966 2.07295 -94.4315
-6.37721 5.93783 -95.3428
-2.89741 4.77274 -97.0607
-3.45914 6.00048 -96.8966
-6.5756 8.97406 -95.5632
-6.31109 6.40823 -94.7826
-1.1316 3.32939 -95.4294
-3.25816 6.61682 -97.3052
-5.04906 4.30466 -94.2118
-6.29018 8.12863 -95.6864
-3.70023 5.40219 -96.3853
-5.28071 7.62704 -96.4772
-3.10257 3.92722 -95.3918
-6.51474 6.47717 -94.553
-3.17593 4.77806 -96.1826
-6.2447 4.28552 -91.9403
-7.42602 6.45862 -92.7733
-3.08177 4.01314 -95.4988
-7.38112 7.59799 -93.8873
-6.75527 7.4488 -94.8302
-7.47795 7.41832 -93.5732
-6.07201 5.21512 -93.9846
-3.81496 2.67221 -92.6731
-5.42685 6.09449 -94.6033
-4.41747 4.39309 -93.864
-4.95158 3.91663 -92.0401
-1.92989 2.83152 -93.2243
-5.23277 3.95496 -91.2805
-4.11419 3.86863 -93.3607
-6.28078 5.60207 -92.6373
-6.10402 6.41001 -93.9597
-1.71296 3.14007 -93.9448
-2.53606 3.95349 -94.771
-4.33232 3.3076 -91.4058
-4.40114 6.0645 -95.5703
-4.80603 4.25119 -93.1117
-5.05455 6.15413 -95.0556
-4.28613 5.46923 -95.1975
-1.72164 5.71112 -96.6506
-2.79083 6.78002 -96.8912
-6.07941 5.43749 -92.8297
-5.01453 5.84938 -94.8518
-5.71207 7.86395 -95.3408
-3.52009 7.66517 -96.2005
-2.26012 7.69259 -96.7588
-5.51238 5.07687 -91.256
-4.03368 6.02906 -94.9461
-1.33739 3.5565 -93.5797
-6.33245 7.61398 -93.2359
-3.68928 6.74053 -95.6735
-6.19731 6.23906 -91.9222
-3.79629 4.6702 -93.695
-2.99575 5.55811 -95.2667
-5.50369 6.28992 -93.5207
-5.61189 5.40797 -91.9305
-5.69783 5.34872 -91.4592
-1.81937 3.36794 -92.9737
-4.05456 6.59481 -95.3319
-3.74868 6.65541 -95.5856
-4.80561 5.70087 -93.864
-6.38436 7.43504 -92.9867
-3.54411 5.03764 -94.3937
-1.88861 6.98576 -96.5956
-3.45953 6.45321 -94.792
-2.21831 4.27276 -93.0998
-3.03754 5.48084 -94.2258
-2.36602 7.82124 -96.0732
-4.16857 4.68069 -91.2599
-4.89168 6.16951 -92.9811
-1.58702 4.1829 -93.3003
-2.16469 4.61266 -93.6973
-5.55356 6.14371 -91.2335
-5.09766 8.17883 -94.2494
-3.38773 6.48816 -94.8676
-5.48176 8.37847 -93.8241
-4.38749 8.2295 -94.9972
-1.92076 4.84751 -94.1392
-5.75294 8.53868 -93.4658
-5.86259 7.29353 -92.3686
-2.48264 3.97768 -92.1946
-2.10238 5.22486 -94.4929
-3.95009 5.77153 -93.7495
-5.89451 6.92023 -91.738
-4.67562 8.68303 -93.9057
-2.97423 4.82984 -91.8133
-4.14116 6.9082 -93.5135
-2.23186 5.34978 -93.5163
-5.32264 7.92986 -92.4965
-2.85337 6.55083 -94.3582
-1.53239 5.52181 -94.0607
-2.80778 6.74146 -94.5294
-3.05848 8.2412 -95.1397
-5.0182 8.64754 -93.4376
-0.889709 6.1009 -94.7723
-5.02607 7.62188 -92.8309
-3.55484 8.42486 -94.8742
-3.21602 8.91153 -95.2185
-4.16318 9.00713 -94.5256
-5.5723 8.02822 -91.9535
-4.10339 6.02547 -92.5268
-3.53209 8.59423 -94.939
-1.7234 5.09355 -93.4422
-2.17979 7.02631 -95.0324
-3.75254 7.05106 -92.895
-4.39883 8.61362 -93.1179
-2.24802 5.24593 -91.8218
-2.30012 7.50042 -94.4193
-4.37908 8.48964 -93.0909
-3.94702 7.64792 -93.1648
-3.85713 8.37263 -93.6782
-2.06499 6.45669 -93.7802
-4.00035 7.74462 -93.1666
-3.0879 6.59271 -93.167
-3.89514 8.37105 -93.6372
-1.73328 7.88318 -94.8433
-2.21252 8.60462 -94.9048
-0.693171 6.62253 -94.3579
-2.17019 5.73469 -92.8608
-1.28754 6.57134 -94.1929
-4.85839 8.59426 -92.3095
-3.79771 6.16363 -91.3699
-1.86931 6.68195 -94.0711
-3.86305 7.88514 -93.4229
-2.87167 6.83398 -92.3783
-3.31233 6.7101 -91.428
-3.61242 8.87291 -93.0762
-1.58882 5.71186 -91.6755
-1.84088 6.76794 -93.1702
-3.77942 7.00369 -90.6549
-3.51732 6.88246 -91.313
-2.27648 6.73618 -92.8432
-4.15936 8.73888 -92.2013
-3.68064 6.91293 -90.8047
-2.07479 7.54256 -93.6788
-2.64473 8.82395 -93.9227
-2.84813 6.47522 -91.8273
-3.87387 7.26087 -91.1195
-1.95416 7.50525 -93.7181
-3.96028 8.69964 -92.5303
-0.63683 6.55196 -93.3769
-2.48704 7.11892 -93.0736
-3.7176 6.98735 -90.9202
-2.90936 7.37895 -92.9332
-2.01526 7.43127 -92.6046
-0.945706 7.42107 -93.1256
-1.51579 6.89293 -92.3315
-3.50936 7.90279 -90.7242
-3.51221 8.93664 -91.9544
-3.59078 8.58537 -91.5481
-1.00583 7.5693 -93.2245
-1.35636 7.59137 -93.1192
-3.06001 7.32938 -90.9027
-1.60568 6.58602 -91.7645
-2.78751 8.99305 -92.9235
-0.92953 6.86689 -92.5751
-2.63925 7.40596 -91.935
-2.65837 7.95643 -92.4902
-3.45057 8.91791 -92.0548
-2.20289 6.96321 -91.8275
-1.15907 7.61179 -93.2083
-1.76866 6.38489 -91.0301
-2.56449 7.24362 -91.8039
-1.20844 6.92552 -92.5383
-0.816183 6.98656 -91.3755
-2.85826 8.24613 -90.635
-0.642943 7.36872 -92.0828
-2.16211 8.9329 -92.4363
-2.57064 8.22909 -91.4244
-0.852159 7.60567 -92.2935
-2.60679 8.83408 -91.8961
-2.34366 8.32028 -91.8679
-1.21164 7.73007 -92.2691
-1.54229 7.86005 -92.2007
-0.635823 7.53137 -92.2765
-2.21882 7.56696 -90.943
-2.91661 8.62326 -91.136
-1.85967 8.39471 -92.4003
-0.903094 7.80277 -92.4662
-2.8614 8.98909 -91.5773
-2.40759 8.48495 -91.9237
-1.03222 7.02611 -91.3266
-1.81647 7.68778 -91.7779
-2.98925 8.57918 -90.8328
-0.904091 8.73933 -92.1582
-0.360521 8.12444 -91.8318
-1.86409 9.27929 -91.7532
-0.649941 7.75101 -91.241
-1.26421 8.82594 -92.0304
-1.70628 8.06539 -90.6309
-1.23697 7.87163 -91.0082
-1.243 8.14983 -91.4673
-2.26066 9.18462 -91.122
-1.7973 8.42271 -91.1843
-1.22943 8.22431 -91.5683
-0.819619 8.99841 -92.3117
-1.67049 8.19623 -91.0315
-1.10971 7.75404 -90.8755
-1.25123 8.24385 -91.5737
-1.6351 8.09222 -90.8804
-2.12934 8.74385 -90.9812
-1.91747 9.43818 -91.746
-1.73312 8.11721 -90.7204
-0.641084 8.80538 -92.2749
-0.41362 8.4472 -90.9273
-0.408374 8.70855 -91.2756
-0.85202 8.42581 -90.4946
-1.39864 9.10946 -90.8697
-1.49869 9.08574 -90.629
-0.669964 9.36963 -91.6126
-0.735961 9.18586 -91.5091
-1.44259 8.94502 -90.5291
-0.945439 9.37525 -91.4818
-0.902502 9.13431 -91.3937
-1.07632 8.68734 -90.7936
-1.52097 9.04768 -90.4879
-1.63643 9.37559 -90.6067
-1.35184 9.2648 -91.0659
-1.07197 9.29527 -91.362
-0.933239 8.96971 -91.2605
-1.52759 9.4422 -90.906
-1.2766 9.08662 -91.0275
-0.660277 8.98965 -91.4262
-1.21139 9.67413 -91.3679
-0.578853 9.32253 -90.5674
-0.421637 9.42239 -90.769
-0.253314 9.46377 -90.8484
-0.465743 9.14745 -90.3758
-0.443457 9.50404 -90.8096
-0.755246 9.5702 -90.5912
-0.411655 9.42899 -90.7781
-0.511813 9.386 -90.6892
-0.741253 9.60887 -90.6319
-0.263622 9.31752 -90.7402
-0.881945 9.56969 -90.3316
-0.449101 9.20645 -90.5195
-0.675539 9.45183 -90.5991
-0.374349 9.53815 -90.8549
-0.426175 9.67062 -90.8842
-0.468713 9.15063 -90.3808
-0.781641 9.37704 -90.2956
-0.465006 9.42941 -90.752
-0.602896 9.34249 -90.5665
-0.585414 9.77353 -90.8226
0 5 -100
0 5 -100
0 5 -100
0 5 -100
0 5 -100
0 5 -100
0 5 -100
0 5 -100
0 5 -100
0 5 -100
0 5 -100
0 5 -100
0 5 -100
0 5 -100
0 5 -100
0 5 -100
0 5 -100
0 5 -100
0 5 -100
0 5 -100
0 5 -100
0 5 -100
0 5 -100
0 5 -100
0 5 -100
0 5 -100
0 5 -100
0 5 -100
0 5 -100
0 5 -100
0 5 -100
0 5 -100
0 5 -100
0 5 -100
0 5 -100
0 5 -100
0 5 -100
0 5 -100
0 5 -100
0 5 -100
0 5 -100
0 5 -100
0 5 -100
0 5 -100
0 5 -100
0 5 -100
0 5 -100
0 5 -100
0 5 -100
0 5 -100
0 5 -100
0 5 -100
0 5 -100
0 5 -100
0 5 -100
0 5 -100
0 5 -100
0 5 -100
0 5 -100
0 5 -100
0 5 -100
0 5 -100
0 5 -100
0 5 -100
0 5 -100
0 5 -100
0 5 -100
0 5 -100
0 5 -100
0 5 -100
0 5 -100
0 5 -100
0 5 -100
0 5 -100
0 5 -100
0 5 -100
0 5 -100
0 5 -100
0 5 -100
0 5 -100
0 5 -100
0 5 -100
0 5 -100
0 5 -100
0 5 -100
0 5 -100
0 5 -100
0 5 -100
0 5 -100
0 5 -100
0 5 -100
0 5 -100
0 5 -100
0 5 -100
0 5 -100
0 5 -100
0 5 -100
0 5 -100
0 5 -100
0 5 -100
0 5 -100
0 5 -100
0 5 -100
0 5 -100
0 5 -100
0 5 -100
0 5 -100
0 5 -100
0 5 -100
0 5 -100
0 5 -100
0 5 -100
0 5 -100
0 5 -100
0 5 -100
0 5 -100
0 5 -100
0 5 -100
0 5 -100
0 5 -100
0 5 -100
0 5 -100
0 5 -100
0 5 -100
0 5 -100
0 5 -100
0 5 -100
0 5 -100
0 5 -100
0 5 -100
0 5 -100
0 5 -100
0 5 -100
0 5 -100
0 5 -100
0 5 -100
0 5 -100
0 5 -100
0 5 -100
0 5 -100
0 5 -100
0 5 -100
0 5 -100
0 5 -100
0 5 -100
0 5 -100
0 5 -100
0 5 -100
0 5 -100
0 5 -100
0 5 -100
0 5 -100
0 5 -100
0 5 -100
0 5 -100
0 5 -100
0 5 -100
0 5 -100
0 5 -100
0 5 -100
0 5 -100
0 5 -100
0 5 -100
0 5 -100
0 5 -100
0 5 -100
0 5 -100
0 5 -100
0 5 -100
0 5 -100
0 5 -100
0 5 -100
0 5 -100
0 5 -100
0 5 -100
0 5 -100
0 5 -100
0 5 -100
0 5 -100
0 5 -100
0 5 -100
0 5 -100
0 5 -100
0 5 -100
0 5 -100
0 5 -100
0 5 -100
0 5 -100
0 5 -100
0 5 -100
0 5 -100
0 5 -100
0 5 -100
0 5 -100
0 5 -100
0 5 -100
0 5 -100
0 5 -100
0 5 -100
0 5 -100
0 5 -100
0 5 -100
0 5 -100
0 5 -100
0 5 -100
0 5 -100
0 5 -100
0 5 -100
0 5 -100
0 5 -100
0 5 -100
0 5 -100
0 5 -100
0 5 -100
0 5 -100
0 5 -100
0 5 -100
0 5 -100
0 5 -100
0 5 -100
0 5 -100
0 5 -100
0 5 -100
0 5 -100
0 5 -100
0 5 -100
0 5 -100
0 5 -100
0 5 -100
0 5 -100
0 5 -100
0 5 -100
0 5 -100
0 5 -100
0 5 -100
0 5 -100
0 5 -100
0 5 -100
0 5 -100
0 5 -100
0 5 -100
0 5 -100
0 5 -100
0 5 -100
0 5 -100
0 5 -100
0 5 -100
0 5 -100
0 5 -100
0 5 -100
0 5 -100
0 5 -100
0 5 -100
0 5 -100
0 5 -100
0 5 -100
0 5 -100
0 5 -100
0 5 -100
0 5 -100
0 5 -100
0 5 -100
0 5 -100
0 5 -100
0 5 -100
0 5 -100
0 5 -100
0 5 -100
0 5 -100
0 5 -100
0 5 -100
0 5 -100
0 5 -100
0 5 -100
0 5 -100
0 5 -100
0 5 -100
0 5 -100
0 5 -100
0 5 -100
0 5 -100
0 5 -100
0 5 -100
0 5 -100
0 5 -100
0 5 -100
0 5 -100
0 5 -100
0 5 -100
0 5 -100
0 5 -100
0 5 -100
0 5 -100
0 5 -100
0 5 -100
0 5 -100
0 5 -100
0 5 -100
0 5 -100
0 5 -100
0 5 -100
0 5 -100
0 5 -100
0 5 -100
0 5 -100
0 5 -100
0 5 -100
0 5 -100
0 5 -100
0 5 -100
0 5 -100
0 5 -100
0 5 -100
0 5 -100
0 5 -100
0 5 -100
0 5 -100
0 5 -100
0 5 -100
0 5 -100
0 5 -100
0 5 -100
0 5 -100
0 5 -100
0 5 -100
0 5 -100
0 5 -100
0 5 -100
0 5 -100
0 5 -100
0 5 -100
0 5 -100
0 5 -100
0 5 -100
0 5 -100
0 5 -100
0 5 -100
0 5 -100
0 5 -100
0 5 -100
0 5 -100
0 5 -100
0 5 -100
0 5 -100
0 5 -100
0 5 -100
0 5 -100
0 5 -100
0 5 -100
0 5 -100
0 5 -100
0 5 -100
0 5 -100
0 5 -100
0 5 -100
0 5 -100
0 5 -100
0 5 -100
0 5 -100
0 5 -100
